1.1713e-06,1.8397e-06,0.40166,0.12713,16.408,8.4972
1.6814e-06,1.9101e-05,0.39263,0.07481,4.6368,18.98
3.7341e-07,4.4148e-07,0.087854,0.42226,0.34823,10.315
1.357e-06,1.3901e-06,0.23032,0.43788,11.431,4.1927
3.9727e-06,8.1171e-06,0.11467,0.096636,16.811,1.362
1.2729e-06,1.2118e-05,0.26759,0.18638,0.68886,19.427
1.2815e-06,2.167e-06,0.44909,0.36509,10.763,11.132
7.6807e-06,9.8234e-06,0.20419,0.18844,1.2936,9.5063
2.5946e-07,1.7083e-05,0.21078,0.23525,7.9786,3.264
3.8783e-06,1.8143e-05,0.40906,0.25601,16.266,19.993
1.0078e-05,5.4684e-07,0.2142,0.28588,7.593,14.901
4.9177e-07,2.3121e-05,0.32173,0.2228,13.66,2.3479
5.504e-07,8.7663e-06,0.074455,0.31488,8.5615,14.124
9.0892e-07,3.3081e-07,0.27346,0.19137,5.0368,6.002
1.9774e-06,3.7996e-06,0.43818,0.07868,14.723,7.3028
4.2717e-07,1.12e-06,0.48673,0.40323,13.683,11.631
6.0328e-06,1.1786e-05,0.096113,0.2402,16.74,18
9.852e-06,5.5733e-07,0.32542,0.13619,3.1428,9.1065
1.2183e-06,1.9958e-06,0.35788,0.40906,8.8059,9.4026
6.7149e-07,2.1981e-06,0.30632,0.076792,0.87482,0.78715
1.4624e-06,2.5612e-06,0.32566,0.44771,10.794,10.536
1.8967e-05,1.54e-06,0.36718,0.35305,10.346,12.671
3.4134e-06,1.4664e-06,0.1311,0.26325,1.765,12.972
2.3791e-06,1.7115e-06,0.27257,0.27213,6.3193,14.033
3.5727e-07,3.8974e-07,0.12405,0.40507,19.855,13.25
3.4936e-07,1.1678e-05,0.12675,0.14785,13.863,19.899
4.9606e-07,1.3011e-06,0.47332,0.47605,19.613,1.7219
3.6425e-07,2.2998e-05,0.20629,0.47979,15.957,15.179
1.3979e-05,9.4625e-06,0.35515,0.14183,6.078,0.42408
2.2093e-05,1.5082e-05,0.19362,0.16042,5.2071,4.0055
8.0233e-07,6.6476e-06,0.17824,0.43327,3.8565,9.433
9.8293e-07,1.7493e-05,0.11695,0.070253,18.392,9.6551
5.6769e-06,3.5595e-06,0.21953,0.22033,5.6809,19.067
1.4826e-05,9.6082e-06,0.18115,0.13631,18.103,10.979
2.5593e-07,2.6466e-07,0.15792,0.18102,10.198,6.3454
4.6762e-07,1.5273e-06,0.31408,0.4707,6.184,18.118
4.0112e-06,3.6814e-06,0.17551,0.17746,9.8382,7.2444
3.6559e-07,4.8678e-06,0.37294,0.24971,9.3105,2.5929
1.2442e-06,8.7376e-07,0.40455,0.065735,16.47,0.079754
7.7096e-07,1.7457e-06,0.22371,0.32006,16.546,2.2202
2.9261e-07,1.7877e-05,0.087054,0.15809,6.8211,1.64
2.8712e-06,7.1992e-06,0.43457,0.28568,4.4941,3.7538
7.4697e-06,1.1579e-05,0.34003,0.12464,10.86,17.809
6.084e-06,3.1255e-07,0.40705,0.38817,2.9812,1.105
4.1907e-06,4.9071e-06,0.065083,0.27707,18.48,15.09
8.4847e-07,1.3541e-05,0.39754,0.063342,2.4107,11.581
1.7961e-06,9.6205e-07,0.40503,0.14885,13.618,16.325
1.3484e-05,7.1765e-07,0.33701,0.24697,1.0737,10.163
7.2074e-06,7.076e-07,0.33292,0.28485,1.6667,8.0114
7.06e-07,2.6107e-07,0.41873,0.10026,10.024,0.29809
1.4392e-05,1.4125e-05,0.14622,0.13267,4.9479,2.8896
1.3086e-05,9.4593e-07,0.47873,0.23161,16.02,6.2014
7.5339e-06,4.177e-06,0.2575,0.083252,17.936,13.85
5.829e-07,1.7289e-06,0.060058,0.11347,10.467,18.167
5.5387e-06,5.8277e-06,0.095198,0.32868,10.517,16.406
1.7977e-05,4.9149e-07,0.37553,0.1061,17.468,10.464
6.6711e-07,1.4478e-06,0.18828,0.35111,11.949,0.16783
2.4331e-05,3.5693e-07,0.23621,0.28003,11.825,3.1266
3.2541e-06,2.8602e-07,0.36235,0.051732,4.4019,3.6279
5.3942e-07,6.5642e-07,0.18621,0.14073,12.75,1.3956
2.9013e-07,9.1138e-07,0.45516,0.47266,4.9996,1.9061
6.1578e-06,6.8322e-06,0.10538,0.39461,16.696,16.905
9.6735e-07,5.7745e-07,0.28356,0.083648,3.487,15.755
7.573e-06,8.2373e-07,0.41244,0.21152,2.731,18.577
2.5379e-07,1.0807e-06,0.34317,0.31149,11.001,17.127
3.72e-06,7.7405e-06,0.35035,0.29717,12.284,5.6595
1.0645e-05,1.8118e-06,0.32963,0.3305,5.7594,19.783
5.8764e-06,9.3889e-06,0.3689,0.37552,14.639,4.9532
1.3783e-05,1.1096e-06,0.20853,0.39706,1.1257,15.445
1.7681e-06,1.0162e-06,0.421,0.28928,14.832,9.7304
5.6493e-06,2.3125e-06,0.40215,0.052648,9.4429,7.73
3.3834e-06,3.7147e-07,0.16006,0.13972,5.8436,15.15
4.0578e-06,5.8044e-07,0.24029,0.060279,18.561,4.7147
5.1461e-06,1.3532e-06,0.1459,0.31707,5.6412,4.6048
6.7913e-06,1.1299e-06,0.05507,0.13106,3.684,8.9491
7.2857e-07,1.9244e-05,0.27947,0.25101,2.7885,14.518
4.7484e-06,9.1895e-07,0.44683,0.4853,18.154,14.635
1.0893e-06,6.5715e-06,0.15837,0.43681,15.622,14.703
5.1386e-07,1.2844e-05,0.28451,0.1993,11.269,5.7776
8.3595e-07,6.4779e-07,0.44079,0.197,10.383,7.1726
1.4189e-05,2.1638e-05,0.46392,0.11266,12.869,1.8139
6.4348e-07,3.5277e-06,0.38926,0.3124,0.89057,10.77
8.2118e-07,7.1187e-07,0.067838,0.20892,0.4654,4.0908
6.2612e-06,1.0048e-06,0.42665,0.20037,14.502,17.561
7.1273e-07,1.2463e-05,0.32453,0.47533,5.337,8.6092
2.9998e-06,7.9471e-07,0.063437,0.11573,2.6987,7.5611
3.2077e-07,3.7608e-07,0.43759,0.41156,6.4715,7.91
2.6358e-06,3.1175e-07,0.052238,0.17809,15.676,7.6348
1.3903e-06,2.7867e-07,0.38333,0.3298,14.976,5.3194
1.2832e-05,5.4619e-06,0.39357,0.18395,14.103,4.6836
8.9562e-06,7.4283e-07,0.36603,0.19802,11.64,1.2645
1.9962e-05,4.807e-06,0.27788,0.25255,0.55333,15.85
4.9987e-07,1.8996e-06,0.2578,0.10194,12.983,14.742
5.9849e-07,5.5806e-06,0.26618,0.45709,4.6494,3.9246
2.3276e-05,1.2095e-06,0.31637,0.25508,10.596,11.429
1.8174e-06,2.0564e-06,0.14815,0.39249,7.8303,12.242
8.7906e-07,2.5857e-07,0.089868,0.12211,11.026,19.093
1.1148e-06,2.404e-05,0.13604,0.35539,13.391,10.631
2.1175e-05,5.0953e-07,0.42164,0.21857,1.7927,6.4702
5.2026e-06,2.3345e-06,0.24143,0.26946,14.897,16.448
6.0925e-07,5.5332e-06,0.18953,0.17932,2.5018,12.569
7.3754e-06,4.5071e-06,0.16702,0.1615,19.31,15.802
1.3102e-06,3.3161e-06,0.3485,0.48034,7.6795,4.5156
7.4333e-07,4.6056e-06,0.17613,0.46166,13.587,8.2784
2.0481e-06,5.6975e-06,0.42775,0.14729,17.099,3.3536
6.6921e-06,5.3388e-07,0.3905,0.25871,2.0511,2.8498
9.0666e-07,4.5495e-07,0.39932,0.28168,3.6443,11.881
1.0047e-06,1.5586e-05,0.34465,0.46574,3.5408,11.503
2.761e-07,2.4943e-05,0.29684,0.33238,11.473,14.812
9.3206e-06,6.1839e-06,0.3825,0.072028,14.076,11.761
1.6558e-05,1.5373e-05,0.33039,0.40875,15.756,5.464
8.8319e-07,1.2612e-06,0.37041,0.44401,10.057,15.498
1.3682e-06,1.4295e-06,0.10641,0.18685,1.2343,11.236
8.0582e-07,1.0423e-05,0.13992,0.13026,19.829,10.884
1.5178e-05,5.3966e-07,0.46984,0.26621,16.99,4.3605
1.1896e-06,1.8351e-05,0.35237,0.37155,14.003,6.8758
3.3658e-07,7.0395e-06,0.44539,0.41917,8.4902,11.072
8.1188e-06,4.4416e-07,0.3391,0.12762,19.1,8.7713
3.051e-06,1.3838e-05,0.072236,0.26013,9.6483,16.136
5.8375e-07,1.204e-06,0.29751,0.39979,7.9406,7.4027
7.5365e-07,2.961e-07,0.059395,0.27598,16.313,6.7383
5.7985e-06,3.3437e-07,0.06194,0.42115,8.2043,5.8165
9.3437e-06,3.865e-07,0.19176,0.46778,15.36,10.913
1.2917e-05,2.3799e-05,0.19613,0.15927,4.3251,1.4697
4.5891e-07,4.8506e-07,0.44163,0.44477,10.412,6.0148
1.9416e-05,1.1911e-06,0.13382,0.14334,17.172,15.284
7.0027e-06,6.0118e-06,0.090752,0.41753,3.5878,1.8525
1.3836e-06,1.8894e-05,0.48881,0.17515,4.5898,5.5718
4.4214e-06,7.7357e-07,0.12996,0.34793,5.871,19.227
1.1616e-05,7.0976e-06,0.33404,0.074343,16.501,8.4286
4.6846e-06,1.0107e-05,0.069492,0.43624,6.1369,4.2597
1.9217e-06,2.4026e-06,0.11682,0.18129,7.3161,6.4042
8.3422e-07,8.7938e-07,0.10757,0.21542,14.538,3.9456
3.2354e-06,3.9945e-07,0.44262,0.17471,8.2062,19.706
1.2008e-06,1.0811e-05,0.1225,0.13283,9.7887,6.811
6.21e-06,3.0311e-06,0.3093,0.060723,0.17835,11.989
1.1449e-06,2.9434e-06,0.48816,0.093321,15.027,13.284
3.4726e-07,3.112e-06,0.19126,0.41011,15.228,4.0287
4.9187e-06,1.2754e-05,0.22577,0.23325,15.455,3.3233
3.6732e-06,2.7369e-07,0.47963,0.47167,9.7142,3.0508
2.4164e-06,9.326e-07,0.25245,0.45162,5.5653,5.269
2.967e-07,2.8588e-06,0.33784,0.37292,4.7905,2.5455
2.4685e-05,5.2172e-06,0.31758,0.23012,0.30333,12.814
3.0306e-07,4.1006e-07,0.15951,0.34466,3.528,13.97
2.7255e-07,1.775e-05,0.17919,0.10884,7.7032,3.5681
2.739e-06,3.1649e-07,0.15716,0.30287,11.858,6.0559
2.4889e-05,8.5013e-07,0.27523,0.069285,15.397,8.1099
3.5928e-07,9.7897e-07,0.08405,0.44007,18.251,9.1376
5.9932e-06,5.3098e-07,0.19966,0.1195,12.628,12.248
9.7531e-07,1.6591e-06,0.23674,0.11955,8.1561,10.844
4.4563e-07,5.9419e-06,0.083264,0.24794,7.473,4.0483
5.068e-07,1.5328e-05,0.35591,0.38974,1.4396,0.87582
4.2071e-07,2.8769e-07,0.32206,0.080449,3.0254,0.9043
3.0778e-07,2.8176e-06,0.28248,0.31648,19.573,7.8062
2.007e-05,8.5908e-07,0.13943,0.30144,13.897,8.6041
2.1941e-06,4.6596e-06,0.17138,0.31884,18.969,7.7685
5.6037e-06,1.3062e-05,0.21233,0.33755,8.2968,15.883
3.1428e-07,1.0539e-06,0.27804,0.41848,2.5526,17.845
2.791e-07,4.3807e-06,0.34613,0.32424,7.3653,12.302
1.9098e-06,4.0621e-07,0.31063,0.15633,12.716,3.4741
6.0208e-07,9.0405e-07,0.38784,0.28083,7.4203,1.0416
3.8311e-06,3.2182e-06,0.28558,0.15838,18.323,12.961
1.7834e-06,1.5846e-05,0.29871,0.48472,11.913,10.088
4.1618e-07,8.368e-06,0.45568,0.33341,0.78847,19.531
7.649e-07,1.5629e-05,0.44012,0.38027,10.687,16.026
4.338e-07,1.15e-06,0.27369,0.29375,5.1216,9.2522
7.7917e-06,2.0369e-06,0.26095,0.34741,15.812,16.105
1.2332e-06,1.0662e-06,0.28762,0.23872,13.789,3.4112
4.4118e-07,4.6127e-07,0.40333,0.32182,14.703,18.151
1.6247e-05,1.231e-06,0.38491,0.15112,2.2614,8.6541
5.281e-07,1.8528e-05,0.3743,0.18921,2.3455,1.5605
4.8714e-07,1.5959e-06,0.18107,0.18004,16.333,14.092
5.039e-06,4.7445e-06,0.43345,0.24348,0.4344,5.3568
2.3062e-06,7.798e-07,0.071695,0.40155,8.6872,11.195
1.0694e-06,1.7893e-06,0.47231,0.11718,19.691,11.123
2.1391e-05,1.3741e-06,0.41257,0.29205,12.781,15.413
6.5242e-06,2.0877e-06,0.31915,0.15394,3.3166,2.1211
8.3538e-06,2.6332e-07,0.48136,0.47049,11.055,8.7391
2.8593e-07,2.1252e-06,0.094687,0.22184,8.7573,10.409
1.7128e-05,6.2843e-07,0.39173,0.31057,2.295,5.6097
1.8883e-05,7.8872e-07,0.30358,0.4263,2.4844,5.1962
3.6444e-06,2.2587e-05,0.25066,0.17253,4.0808,14.325
1.8305e-06,5.4977e-06,0.35879,0.42488,19.944,4.3693
2.6914e-06,4.7114e-07,0.057884,0.35947,18.777,2.1465
7.1403e-06,4.5098e-07,0.17282,0.36797,18.719,10.943
3.9448e-06,1.9915e-05,0.47718,0.46417,11.374,7.2747
4.0918e-06,4.2572e-07,0.28937,0.37447,1.1372,14.88
3.1885e-07,1.3292e-05,0.45912,0.25046,12.373,12.473
2.9631e-06,1.4458e-05,0.39619,0.44215,2.9325,1.7478
2.2371e-06,4.0172e-06,0.332,0.38653,16.133,2.6797
1.3174e-05,1.401e-05,0.31708,0.41524,6.2812,11.774
2.4141e-05,1.1289e-05,0.18646,0.3623,2.2372,8.3797
3.9242e-07,7.4094e-06,0.085366,0.18292,15.565,8.7019
1.7071e-06,1.4161e-06,0.15032,0.32337,16.776,10.036
2.9313e-06,9.5642e-07,0.18262,0.45815,18.163,19.565
7.3193e-06,8.9498e-07,0.33588,0.17214,1.1895,9.7861
1.4093e-06,3.8413e-07,0.16361,0.33306,18.601,6.8005
2.4017e-06,2.4413e-05,0.22638,0.4858,17.802,6.502
3.3476e-07,1.5535e-06,0.28041,0.2876,14.174,19.932
7.1464e-07,6.1292e-06,0.23545,0.43924,10.66,18.48
3.4024e-07,1.8796e-06,0.19864,0.21648,14.284,5.4171
1.681e-05,5.1986e-07,0.099136,0.19313,17.488,1.2056
5.1889e-07,5.6681e-06,0.16311,0.44318,15.915,14.67
5.5881e-07,4.8449e-06,0.27129,0.43078,9.0509,16.362
8.0183e-06,3.0383e-07,0.19756,0.11658,15.863,4.8749
3.1725e-07,5.9663e-07,0.11518,0.14675,8.871,0.9513
3.4467e-06,1.0343e-05,0.32744,0.32504,12.811,19.399
1.289e-06,1.1835e-06,0.37308,0.091222,15.096,7.7005
1.0946e-06,5.9807e-06,0.29518,0.16719,17.399,6.2263
5.5077e-06,2.2311e-05,0.22777,0.35625,3.9193,6.1601
1.2569e-05,2.3435e-05,0.2161,0.17054,12.246,17.882
1.7398e-05,1.5958e-05,0.092487,0.36997,5.5259,15.704
7.9061e-06,2.8962e-06,0.20204,0.43469,1.3852,17.581
3.7652e-07,2.8001e-07,0.20226,0.44102,14.601,18.049
6.8514e-06,2.2233e-06,0.14162,0.33439,5.2786,13.578
1.5879e-05,3.6444e-07,0.05075,0.24861,15.53,18.893
4.3574e-06,2.5605e-07,0.31282,0.32636,7.8773,2.6123
1.5259e-05,2.9945e-06,0.053967,0.35755,19.178,12.615
2.6228e-07,4.2e-07,0.20975,0.091836,2.3872,17.09
2.2624e-05,9.0863e-06,0.43923,0.20986,14.358,7.1598
1.4962e-06,6.8607e-07,0.47791,0.39623,11.8,1.9409
7.3803e-07,1.6404e-06,0.20806,0.13431,1.0486,13.063
2.365e-06,1.026e-06,0.2166,0.22642,19.019,0.28078
7.8397e-06,5.9343e-07,0.48119,0.31777,5.9849,0.34301
1.2453e-05,1.8689e-05,0.25554,0.34895,5.2403,2.1749
2.68e-06,1.2733e-06,0.41428,0.40558,8.4729,6.5844
3.4252e-07,8.3389e-07,0.12917,0.43859,12.02,18.33
1.0869e-05,3.7488e-06,0.38693,0.21565,15.294,11.341
3.1618e-06,6.3887e-07,0.13754,0.20361,15.265,5.0346
1.5017e-05,2.9097e-06,0.20348,0.088532,1.9564,13.666
5.7376e-07,2.2451e-06,0.26458,0.11481,1.6931,4.2307
2.21e-06,4.6788e-06,0.44368,0.34614,6.5709,14.221
2.651e-06,7.6851e-07,0.45356,0.20062,9.9759,13.49
8.8161e-06,9.0169e-06,0.38825,0.14015,19.137,6.9221
3.6077e-06,5.2355e-06,0.24698,0.3081,10.81,7.4508
8.8992e-06,8.21e-06,0.16825,0.16244,7.8967,14.8
2.0889e-05,2.4278e-05,0.22477,0.053897,4.0007,14.529
1.4359e-06,2.4608e-05,0.10399,0.30234,8.4083,17.519
1.6508e-05,1.4815e-05,0.4325,0.29987,8.3796,18.799
9.274e-07,7.899e-06,0.40894,0.25717,11.524,7.4391
1.7333e-06,1.9839e-06,0.086224,0.27495,3.2457,12.377
7.213e-06,8.3549e-07,0.077815,0.064241,8.3495,2.2707
1.0256e-05,4.1516e-07,0.38373,0.38205,3.3735,9.363
2.0673e-06,6.7779e-06,0.44426,0.25231,7.0354,3.8777
1.5947e-06,7.3022e-07,0.34678,0.28983,9.2419,10.723
9.9363e-06,2.6413e-06,0.1014,0.43373,15.774,12.049
5.6722e-07,9.3567e-07,0.17371,0.33908,18.811,15.244
4.6475e-06,2.8187e-06,0.34075,0.41676,3.7856,14.38
2.5316e-06,2.2112e-05,0.1367,0.42938,5.4545,13.216
2.0338e-05,7.2648e-07,0.15197,0.39359,9.9012,17.299
4.2912e-06,7.7811e-06,0.31362,0.36767,16.888,16.793
8.6162e-06,1.8496e-06,0.16974,0.24575,10.13,16.653
1.0587e-06,1.231e-05,0.14393,0.29459,14.162,19.822
4.1218e-06,5.6504e-07,0.19283,0.24182,11.12,9.8502
2.0593e-05,1.6235e-05,0.34827,0.37796,19.519,19.445
6.981e-07,1.95e-05,0.14091,0.37376,4.4412,8.1791
9.4609e-06,2.9802e-07,0.30823,0.33816,9.0354,14.959
1.0479e-05,1.8632e-06,0.4241,0.42484,8.2547,14.31
4.5988e-06,1.4027e-06,0.34959,0.283,5.7121,9.9601
4.9506e-06,2.8409e-07,0.19522,0.29149,10.101,18.277
4.5093e-07,1.1426e-05,0.25634,0.4588,17.595,7.0834
5.7286e-06,1.6149e-05,0.099891,0.29589,4.9241,8.8922
4.4947e-06,1.717e-05,0.3312,0.108,7.1927,18.732
3.4814e-06,3.4444e-07,0.20059,0.38764,17.854,10.182
1.8376e-05,6.4818e-06,0.46088,0.15365,5.9654,2.435
2.4482e-06,3.5237e-07,0.20688,0.3545,3.7468,11.886
6.4871e-06,1.3404e-06,0.43616,0.28733,6.7666,17.632
1.7718e-05,6.3174e-06,0.11952,0.17121,19.991,11.539
2.1633e-05,1.2465e-06,0.12605,0.48375,17.161,12.014
6.2064e-07,3.6669e-07,0.13195,0.45575,7.5309,6.6552
3.5023e-06,1.1674e-06,0.47666,0.30346,6.5194,2.9952
5.938e-06,3.3505e-06,0.078375,0.36488,8.9321,1.1418
2.2469e-05,1.7333e-05,0.41534,0.30069,19.667,12.724
2.6476e-07,4.8834e-07,0.46209,0.081737,14.27,5.9422
1.3284e-06,2.6015e-06,0.41486,0.21919,14.446,3.1597
9.1362e-06,3.4142e-07,0.09153,0.15495,0.73637,6.3054
3.5377e-07,5.0248e-07,0.26308,0.23931,8.6288,5.0026
2.5101e-07,2.7173e-06,0.45449,0.15657,14.229,17.065
1.5572e-06,2.3774e-06,0.23328,0.37622,5.0863,17.167
1.1437e-05,1.0425e-06,0.081036,0.086493,0.69811,3.5685
1.1155e-05,1.9368e-06,0.22175,0.3507,14.012,9.8915
1.0169e-05,1.9548e-06,0.056529,0.11036,1.5465,18.206
1.1684e-05,5.3834e-06,0.14495,0.16611,12.134,0.50207
2.7955e-07,6.6003e-06,0.45663,0.40661,14.656,7.9321
2.0399e-06,3.9545e-06,0.25176,0.48771,19.237,10.656
2.4011e-05,1.5883e-06,0.39443,0.4696,13.413,13.604
1.5662e-06,1.9282e-06,0.15211,0.090106,7.5186,5.5406
2.5117e-06,2.184e-06,0.12069,0.33659,13.22,11.835
8.931e-07,1.6478e-05,0.2479,0.095601,10.552,5.0986
3.7018e-07,4.9858e-07,0.44837,0.2839,4.7444,5.7606
5.4539e-06,8.8731e-06,0.41719,0.11832,2.1323,12.685
4.8497e-07,1.1001e-06,0.1848,0.20518,10.955,18.382
6.4372e-06,5.1164e-06,0.21188,0.12615,13.93,10.394
4.487e-07,3.5824e-06,0.21991,0.45297,6.8722,1.7825
3.3232e-07,3.7458e-07,0.06659,0.45923,18.653,2.2909
3.7503e-06,6.9934e-07,0.17183,0.054586,6.956,8.0762
7.2324e-07,7.6567e-06,0.29321,0.079229,18.407,17.781
3.1891e-06,6.2646e-07,0.36119,0.18808,12.184,0.75838
2.8614e-06,4.0503e-06,0.13337,0.48835,0.96632,11.261
6.295e-07,7.5792e-06,0.3913,0.30895,13.004,10.729
2.5681e-06,2.6899e-07,0.30538,0.3588,6.4346,4.7953
1.9746e-05,1.0338e-06,0.40791,0.42693,3.2626,7.989
1.1392e-05,3.2582e-06,0.26218,0.46281,12.657,3.6595
3.0952e-07,4.7806e-07,0.26648,0.24531,7.7669,9.5338
1.5343e-06,4.4664e-07,0.26552,0.22947,2.6483,5.8794
1.2543e-06,1e-06,0.22303,0.1054,5.4457,15.064
8.4598e-06,8.1499e-06,0.26166,0.24428,6.676,9.4585
6.2438e-07,2.1152e-05,0.24487,0.39111,5.903,18.294
2.2553e-06,1.0194e-05,0.44695,0.21088,8.0895,16.07
1.5519e-05,1.0539e-05,0.27576,0.35445,12.466,15.821
5.3246e-06,5.0163e-06,0.34507,0.37931,9.8595,17.478
1.6526e-06,1.7964e-05,0.42304,0.37688,0.25507,6.9664
4.0466e-07,2.0662e-06,0.1553,0.46668,0.62394,1.9846
2.3737e-05,5.0415e-07,0.21793,0.16469,15.044,12.798
1.8621e-06,2.5437e-07,0.19007,0.39817,19.543,16.819
2.7963e-06,1.4999e-06,0.12502,0.42157,17.674,1.2229
1.5943e-05,2.0398e-05,0.28882,0.25443,16.58,0.82842
2.3155e-05,2.1959e-05,0.19901,0.050391,12.352,12.563
2.1596e-06,8.5177e-06,0.36025,0.2366,0.16103,0.2371
9.1651e-06,1.1878e-05,0.05137,0.27396,13.173,15.338
1.8773e-05,4.1431e-07,0.37733,0.3044,3.1991,10.206
3.8058e-06,4.5378e-06,0.24343,0.23111,0.11083,10.077
3.884e-07,2.5706e-06,0.22741,0.10149,14.393,7.6739
3.0481e-07,3.2736e-07,0.32867,0.34117,14.956,3.7682
2.3308e-06,4.1196e-06,0.29027,0.40212,8.0695,10.345
3.0661e-06,2.5192e-07,0.14256,0.14323,19.437,4.1345
6.3671e-06,5.5678e-07,0.42863,0.27643,18.284,13.133
1.0174e-06,7.4643e-06,0.15023,0.14978,12.52,2.9556
4.7869e-07,1.3193e-06,0.29207,0.25774,13.095,2.454
1.6897e-06,4.2703e-06,0.47489,0.26137,17.9,16.752
2.5905e-07,1.6792e-05,0.21856,0.092375,6.635,14.268
3.5391e-06,3.0495e-06,0.32286,0.26485,11.665,18.022
9.5628e-07,7.568e-07,0.29143,0.42326,10.25,12.911
2.114e-06,8.7365e-06,0.39837,0.47461,5.145,16.301
1.0773e-05,3.508e-07,0.38067,0.19349,6.9103,1.4136
9.9973e-06,4.0783e-06,0.48305,0.08951,3.9677,8.8481
2.0609e-05,9.1708e-06,0.16923,0.34952,16.12,14.193
2.8357e-07,4.459e-06,0.20574,0.42798,3.8456,0.99915
2.0087e-06,2.0051e-06,0.47305,0.066744,9.5683,18.96
1.6918e-05,4.7507e-07,0.10627,0.47797,11.331,16.529
1.2066e-05,2.9673e-06,0.28718,0.40813,13.761,3.3914
3.3392e-06,2.123e-05,0.30701,0.46067,17.069,14.45
1.93e-05,2.0105e-05,0.46479,0.16355,8.0095,11.39
1.4038e-05,2.4372e-06,0.45804,0.3628,12.587,17.276
1.5177e-06,3.4088e-06,0.052661,0.46534,1.5251,19.327
1.9415e-06,1.1361e-06,0.064712,0.27039,10.31,15.573
6.9392e-07,2.9048e-07,0.48541,0.066465,4.2491,9.0637
9.0588e-06,2.141e-06,0.17947,0.31348,1.4787,16.988
1.0948e-05,6.1561e-07,0.23948,0.33117,1.9214,17.954
2.5723e-06,8.5446e-07,0.11355,0.072994,7.6352,5.2408
2.1298e-05,6.0544e-07,0.28216,0.12365,7.1289,17.419
1.8796e-06,3.991e-06,0.089374,0.42888,14.879,4.5535
1.5456e-05,5.8797e-06,0.079706,0.11216,18.888,3.7252
2.7479e-06,1.6352e-06,0.3046,0.23412,1.5909,19.757
1.822e-05,3.7749e-06,0.10833,0.085901,11.586,11.704
3.9111e-06,5.2904e-06,0.21463,0.48219,9.2,13.894
1.0332e-06,1.6733e-06,0.46941,0.36381,17.781,9.58
1.0016e-06,1.4316e-05,0.26863,0.26725,9.6198,9.6217
7.583e-07,2.7468e-06,0.47531,0.43271,17.757,16.628
6.557e-07,8.9698e-06,0.28118,0.35248,13.343,6.562
1.2214e-06,2.3002e-06,0.10273,0.41217,6.2466,16.596
1.1955e-05,2.6919e-07,0.3008,0.069685,15.71,18.656
3.266e-06,3.0257e-07,0.10035,0.36926,1.9896,3.1906
1.109e-05,3.4474e-06,0.082362,0.17392,4.3356,13.459
9.2423e-07,9.6824e-07,0.4307,0.39187,19.908,7.5998
7.7692e-07,3.0708e-07,0.076424,0.38911,5.8006,5.1365
1.0352e-05,2.7544e-07,0.16595,0.29048,13.281,15.626
1.2312e-05,6.034e-07,0.30961,0.20273,18.224,12.855
8.5637e-06,3.3789e-07,0.25908,0.4481,17.696,16.251
3.0284e-06,6.4363e-07,0.30263,0.47859,17.317,17.038
1.1769e-05,5.244e-07,0.29579,0.22582,1.2816,2.0335
3.6935e-06,1.6087e-06,0.19487,0.26245,7.1047,4.622
1.6205e-05,3.2698e-06,0.34288,0.38343,6.1134,17.695
2.3516e-05,5.7587e-06,0.2866,0.094402,11.747,16.509
4.8728e-06,4.4184e-06,0.46863,0.16667,6.3794,17.663
4.717e-07,1.0824e-06,0.3792,0.056375,2.8991,3.0217
4.4508e-06,1.9702e-05,0.11922,0.48919,13.483,9.6887
5.2399e-07,1.5161e-06,0.42035,0.15231,10.901,9.9791
1.5811e-06,9.5242e-06,0.31221,0.30971,9.3563,6.9794
2.1841e-05,7.9515e-06,0.41803,0.21343,17.229,19.311
4.3754e-07,3.1801e-06,0.48287,0.23244,1.8764,14.408
6.6251e-06,1.4734e-05,0.22875,0.4494,12.527,18.681
2.6103e-06,8.2899e-06,0.16244,0.1387,11.191,6.4274
9.9311e-07,8.0401e-07,0.060811,0.058068,2.1796,4.319
7.028e-06,3.0794e-06,0.34139,0.42027,19.371,17.378
2.1487e-06,1.6877e-06,0.42349,0.22457,4.1451,15.363
8.2279e-06,1.3619e-06,0.17443,0.12281,4.2473,4.4255
5.0869e-07,4.33e-06,0.055536,0.19215,10.218,9.0032
1.1561e-06,4.255e-06,0.16477,0.41449,16.044,11.926
6.1227e-07,3.2594e-07,0.3,0.44635,16.226,15.216
2.7101e-07,3.3587e-06,0.14732,0.2139,7.7332,1.501
1.4322e-05,1.318e-05,0.31983,0.23586,9.3739,13.688
1.1086e-06,1.0709e-05,0.37762,0.19074,17.015,14.975
2.1353e-06,6.6392e-07,0.16115,0.29483,2.8417,0.038759
1.0783e-06,5.6931e-07,0.076012,0.44989,12.415,0.37203
4.5459e-06,1.2041e-05,0.23074,0.26399,11.489,14.586
1.3196e-06,1.1033e-05,0.42596,0.30688,18.491,8.8102
4.0027e-07,2.9423e-07,0.31513,0.32268,9.4645,16.219
1.4166e-06,8.4342e-06,0.11789,0.24203,13.044,18.544
4.7283e-07,2.3539e-06,0.39999,0.1849,15.43,12.337
1.0614e-05,3.9621e-07,0.13077,0.09802,2.0473,10.568
1.855e-06,2.5107e-06,0.27019,0.099739,8.5887,12.155
3.1358e-06,6.7984e-07,0.41067,0.20637,6.985,0.59298
9.6904e-06,6.8907e-07,0.18755,0.12946,10.61,19.16
2.455e-06,9.9209e-06,0.35938,0.067798,3.357,1.3005
1.6359e-06,2.5301e-06,0.11067,0.096794,0.38061,13.958
1.2147e-05,2.1131e-06,0.46704,0.38141,14.41,18.866
2.0823e-06,6.2289e-06,0.25493,0.25352,5.5786,10.488
5.2316e-06,9.249e-06,0.36437,0.38368,13.295,7.0919
2.6753e-07,5.0379e-06,0.084425,0.2127,1.3308,0.71604
4.7835e-06,4.9537e-06,0.15465,0.10903,9.2557,17.723
4.8152e-06,3.1926e-07,0.42498,0.1256,9.494,13.759
6.3015e-06,3.888e-06,0.10964,0.16314,11.23,9.2383
8.4186e-06,1.6979e-05,0.075056,0.12094,4.5447,8.4581
7.6906e-06,6.0583e-06,0.1283,0.4546,18.722,16.685
6.84e-07,6.448e-06,0.36832,0.40108,17.616,5.9164
4.3201e-06,3.8236e-06,0.36955,0.3398,19.772,6.2723
1.0255e-06,4.2768e-07,0.29393,0.099122,12.911,18.832
2.2919e-06,2.7778e-06,0.23917,0.20797,16.874,13.018
2.784e-06,3.8024e-07,0.097853,0.46865,16.604,2.5181
1.3316e-05,1.0017e-05,0.1534,0.16962,5.4052,1.6859
1.0465e-06,2.0479e-05,0.25054,0.19484,13.557,2.7838
5.5373e-07,1.7974e-06,0.35657,0.055702,1.8466,17.346
4.2583e-07,2.4747e-06,0.48966,0.11149,8.8051,12.427
2.4805e-06,7.5373e-06,0.23807,0.41307,9.1639,3.8088
1.2659e-05,3.4956e-06,0.18358,0.13758,17.546,15.985
7.9149e-07,5.8643e-07,0.48571,0.087551,17.425,7.8602
4.2452e-06,1.3387e-05,0.11077,0.34131,18.872,13.185
1.966e-05,8.1272e-07,0.1768,0.30747,19.342,13.821
2.2224e-05,3.1539e-06,0.48397,0.46269,2.8784,6.6166
1.4403e-06,4.0191e-07,0.24269,0.27093,5.3216,13.539
5.0021e-06,1.288e-06,0.24445,0.45486,9.759,8.5511
1.4639e-05,3.6414e-06,0.37139,0.12846,3.7158,18.518
6.3763e-07,3.9189e-06,0.32055,0.20453,19.072,9.0307
9.3987e-07,2.2761e-06,0.070351,0.22701,16.391,0.62752
5.7205e-07,1.0313e-05,0.40607,0.084776,15.182,0.54201
3.2602e-07,7.3096e-06,0.068988,0.41405,14.789,19.274
1.6164e-06,6.3479e-06,0.43015,0.059469,19.276,1.5972
5.0907e-06,4.2086e-06,0.21318,0.23793,4.4686,0.68641
3.969e-07,1.291e-05,0.24884,0.057539,4.8261,19.162
3.8167e-07,1.0993e-05,0.27622,0.33585,0.97778,16.876
1.959e-06,2.6771e-06,0.2697,0.071767,8.8978,17.211
6.7454e-06,2.2628e-05,0.45139,0.32555,2.5907,8.239
2.9951e-07,9.6939e-06,0.11326,0.26119,2.6774,2.7029
3.1105e-06,6.7559e-06,0.14903,0.17661,19.754,12.121
1.4656e-05,1.2607e-05,0.3813,0.45343,6.6921,9.1872
1.7285e-05,4.6727e-07,0.35159,0.26882,3.1284,6.1003
1.7815e-05,3.4606e-07,0.073444,0.13453,4.0303,2.8238
6.497e-07,2.146e-05,0.45995,0.3613,17.354,9.8302
5.2988e-06,1.5045e-05,0.25972,0.36062,8.6518,13.425
6.5894e-07,4.5556e-06,0.41616,0.1043,4.1814,8.2974
1.1839e-06,1.2207e-06,0.12181,0.21768,11.973,11.455
8.6949e-06,1.4883e-06,0.3271,0.36669,12.239,4.9175
8.1941e-06,3.6631e-06,0.058309,0.14584,12.942,15.029
8.201e-07,1.7681e-06,0.46294,0.34263,16.193,2.3833
8.5137e-07,9.8666e-07,0.41149,0.47403,3.41,5.4971
1.1272e-05,1.9394e-05,0.46107,0.22808,4.8793,4.4743
3.5689e-06,3.2274e-07,0.15584,0.34358,6.5386,0.17439
4.1429e-07,3.4585e-06,0.36281,0.22356,6.8058,6.6978
6.8171e-07,1.0879e-05,0.25381,0.39578,9.088,3.2218
1.3696e-05,5.4864e-07,0.13844,0.22128,16.661,11.304
1.1267e-06,8.6578e-06,0.45264,0.37039,4.7052,5.0579
1.3552e-05,2.4931e-06,0.23441,0.43116,11.319,13.788
5.436e-07,7.4905e-07,0.1345,0.40456,0.57576,16.166
6.9247e-06,6.7124e-07,0.066734,0.38576,9.5257,13.343
1.8475e-05,1.6532e-05,0.24609,0.18247,3.0573,15.937
1.5462e-06,1.1634e-06,0.33611,0.052597,11.706,18.605
9.5636e-06,3.5881e-07,0.080068,0.10719,1.6169,19.87
1.7199e-06,2.0901e-05,0.37848,0.1448,18.529,2.7291
4.6307e-07,1.3313e-06,0.11163,0.077784,4.1157,10.256
8.7012e-07,4.3351e-07,0.39513,0.20681,7.0609,12.498
2.8889e-07,1.1431e-05,0.29922,0.29754,13.493,7.335
1.4797e-06,8.8848e-07,0.062403,0.10354,0.23711,13.093
5.4155e-06,1.5702e-06,0.10283,0.487,0.83719,5.7151
1.4782e-06,2.0729e-05,0.38569,0.20174,15.154,11.008
1.3378e-06,5.1678e-07,0.18391,0.062944,7.2337,13.394
4.0749e-07,1.1178e-05,0.35275,0.44577,13.142,19.667
4.5513e-06,4.3548e-07,0.33499,0.39853,16.934,19.489
2.2728e-06,1.3982e-05,0.093992,0.26782,0.033987,11.668
9.4742e-07,6.9453e-06,0.45019,0.32069,19.479,19.627
1.7501e-05,8.0167e-06,0.35443,0.38511,0.062576,7.0337
1.6485e-06,5.3484e-06,0.23212,0.16864,7.2838,16.929
2.9145e-06,8.1822e-07,0.47144,0.31435,9.9397,4.8233
2.2978e-05,1.7451e-06,0.45083,0.19684,18.951,5.397
3.8369e-07,6.6066e-07,0.30182,0.2983,18.05,15.539
1.7574e-06,1.3724e-05,0.40078,0.4505,11.157,8.1354
5.3474e-07,2.7012e-06,0.3659,0.062103,7.3723,12.168
7.8487e-07,2.663e-06,0.12381,0.076124,17.978,8.3277
3.3228e-06,6.1904e-07,0.22113,0.081461,12.052,18.432
2.8207e-06,3.1223e-06,0.24953,0.37828,6.009,9.293
1.5687e-05,1.2241e-05,0.43652,0.34517,0.4903,15.652
5.9026e-07,7.3636e-07,0.46562,0.2795,2.1276,2.0567
9.6509e-06,1.2961e-06,0.43125,0.47733,15.997,14.075
1.993e-06,2.3499e-05,0.096837,0.48198,12.086,7.4876
1.1412e-06,1.4533e-06,0.36378,0.15172,15.519,4.7287
3.9429e-07,6.9763e-06,0.23268,0.27318,6.3622,0.47932
3.2753e-07,2.421e-06,0.43425,0.30553,17.243,19.033
8.6077e-07,5.1732e-06,0.16746,0.19571,13.814,3.4905
4.1497e-06,1.4604e-05,0.37566,0.32793,8.9881,0.10258
1.2239e-05,7.231e-06,0.4679,0.2783,18.023,1.051
