16.362,20.838,32.775,38.662,50.691,64.065,79.797
16.979,22.148,34.906,41.63,55.467,70.495,88.036
14.52,16.991,26.206,29.35,35.012,42.373,51.146
16.31,20.727,32.594,38.408,50.276,63.504,79.071
16.908,21.997,34.663,41.293,54.929,69.776,87.122
16.917,22.015,34.691,41.332,54.992,69.859,87.228
16.452,21.029,33.087,39.098,51.399,65.025,81.035
16.969,22.125,34.871,41.581,55.388,70.39,87.903
16.951,22.089,34.81,41.497,55.258,70.214,87.68
16.988,22.167,34.938,41.674,55.537,70.588,88.154
16.904,21.991,34.656,41.282,54.917,69.764,87.11
16.99,22.171,34.943,41.682,55.55,70.605,88.176
16.836,21.844,34.415,40.948,54.38,69.039,86.182
15.458,18.933,29.598,34.186,43.283,53.933,66.585
16.707,21.57,33.971,40.33,53.388,67.709,84.482
15.651,19.336,30.271,35.141,44.894,56.148,69.501
16.968,22.125,34.869,41.578,55.385,70.385,87.897
16.9,21.983,34.642,41.264,54.887,69.724,87.059
16.407,20.932,32.93,38.878,51.042,64.541,80.411
16.3,20.707,32.556,38.356,50.19,63.379,78.902
16.542,21.22,33.4,39.535,52.106,65.981,82.266
16.996,22.184,34.965,41.711,55.598,70.672,88.263
16.667,21.486,33.837,40.144,53.09,67.31,83.974
16.574,21.289,33.514,39.695,52.364,66.332,82.718
14.313,16.576,25.468,28.313,33.311,40.194,48.558
16.891,21.962,34.604,41.212,54.802,69.604,86.903
15.848,19.75,30.966,36.121,46.518,58.368,72.387
16.988,22.167,34.937,41.673,55.536,70.586,88.153
17.003,22.199,34.99,41.746,55.651,70.741,88.349
17.037,22.27,35.105,41.905,55.903,71.078,88.777
16.776,21.718,34.209,40.663,53.922,68.425,85.398
16.964,22.115,34.853,41.556,55.35,70.337,87.836
16.864,21.905,34.514,41.086,54.6,69.337,86.564
17.007,22.207,35.003,41.764,55.68,70.78,88.399
13.252,14.575,21.642,22.899,24.138,27.958,32.422
15.958,19.984,31.357,36.673,47.433,59.628,74.042
16.813,21.796,34.339,40.843,54.21,68.814,85.896
16.638,21.423,33.729,39.995,52.851,66.983,83.552
16.098,20.281,31.857,37.374,48.581,61.194,76.07
16.205,20.505,32.224,37.89,49.43,62.351,77.576
16.958,22.103,34.833,41.529,55.308,70.282,87.767
16.869,21.913,34.528,41.105,54.629,69.374,86.61
16.978,22.145,34.902,41.624,55.456,70.481,88.019
16.78,21.729,34.231,40.693,53.976,68.505,85.506
16.854,21.882,34.477,41.035,54.517,69.225,86.42
16.927,22.037,34.727,41.382,55.072,69.965,87.363
16.336,20.784,32.688,38.541,50.493,63.801,79.457
16.952,22.092,34.818,41.507,55.275,70.241,87.717
16.839,21.852,34.431,40.97,54.418,69.095,86.258
15.014,18.007,28.007,31.924,39.446,48.609,59.534
17.018,22.231,35.04,41.816,55.762,70.889,88.537
16.95,22.088,34.811,41.498,55.259,70.22,87.69
16.914,22.009,34.684,41.322,54.976,69.84,87.204
16.115,20.316,31.91,37.45,48.712,61.374,76.312
16.903,21.986,34.645,41.268,54.89,69.724,87.056
16.985,22.162,34.93,41.663,55.522,70.571,88.137
16.041,20.157,31.647,37.08,48.097,60.524,75.19
17.012,22.22,35.023,41.791,55.727,70.845,88.484
16.527,21.194,33.362,39.482,52.026,65.88,82.141
15.307,18.615,29.048,33.407,41.973,52.107,64.164
15.236,18.466,28.785,33.035,41.354,51.245,63.027
16.926,22.035,34.726,41.379,55.068,69.961,87.359
15.747,19.54,30.621,35.634,45.705,57.262,70.947
16.853,21.882,34.479,41.038,54.525,69.239,86.442
15.395,18.8,29.358,33.851,42.745,53.193,65.638
16.898,21.975,34.628,41.243,54.851,69.671,86.988
16.93,22.045,34.742,41.403,55.107,70.016,87.43
16.949,22.083,34.802,41.485,55.236,70.187,87.645
16.958,22.105,34.839,41.536,55.32,70.301,87.793
16.341,20.794,32.705,38.564,50.53,63.851,79.521
16.832,21.837,34.405,40.934,54.358,69.013,86.151
16.558,21.258,33.467,39.629,52.263,66.199,82.551
16.658,21.468,33.809,40.105,53.03,67.233,83.877
16.778,21.722,34.22,40.677,53.947,68.463,85.45
16.837,21.848,34.424,40.961,54.401,69.072,86.229
16.972,22.134,34.883,41.598,55.417,70.427,87.95
16.734,21.63,34.071,40.471,53.617,68.021,84.885
16.788,21.742,34.249,40.718,54.011,68.544,85.55
16.912,22.007,34.677,41.313,54.962,69.819,87.177
15.677,19.39,30.369,35.278,45.114,56.453,69.895
17.032,22.261,35.089,41.883,55.869,71.031,88.717
16.535,21.206,33.375,39.501,52.053,65.906,82.168
15.714,19.468,30.497,35.458,45.403,56.827,70.346
16.814,21.8,34.345,40.852,54.228,68.84,85.932
16.911,22.004,34.673,41.307,54.952,69.806,87.16
16.554,21.249,33.45,39.605,52.222,66.142,82.475
14.118,16.188,24.758,27.299,31.56,37.772,45.337
16.412,20.95,32.963,38.925,51.123,64.659,80.568
15.89,19.844,31.135,36.358,46.91,58.921,73.122
16.98,22.15,34.91,41.635,55.476,70.507,88.053
16.886,21.952,34.592,41.194,54.775,69.573,86.868
17.011,22.216,35.018,41.784,55.712,70.824,88.455
16.141,20.37,32,37.577,48.92,61.656,76.679
16.71,21.577,33.981,40.345,53.413,67.74,84.522
17.012,22.218,35.02,41.788,55.72,70.835,88.47
16.533,21.201,33.371,39.494,52.04,65.893,82.153
15.328,18.662,29.138,33.535,42.191,52.435,64.628
16.998,22.188,34.971,41.719,55.609,70.684,88.276
17.001,22.196,34.985,41.739,55.643,70.732,88.341
16.817,21.803,34.351,40.86,54.238,68.852,85.946
16.708,21.573,33.974,40.335,53.397,67.719,84.495
16.916,22.013,34.69,41.33,54.99,69.858,87.227
16.605,21.353,33.618,39.839,52.597,66.642,83.114
16.656,21.462,33.793,40.084,52.993,67.175,83.798
16.8,21.767,34.291,40.776,54.103,68.669,85.71
16.815,21.802,34.35,40.858,54.24,68.857,85.955
15.582,19.193,30.037,34.808,44.326,55.366,68.463
16.949,22.084,34.803,41.488,55.24,70.191,87.65
16.995,22.182,34.96,41.705,55.588,70.655,88.241
16.957,22.101,34.831,41.526,55.301,70.274,87.756
17.026,22.248,35.069,41.855,55.825,70.973,88.644
16.076,20.232,31.774,37.258,48.394,60.942,75.751
16.323,20.756,32.64,38.473,50.38,63.644,79.25
16.881,21.939,34.569,41.162,54.721,69.496,86.766
16.966,22.121,34.865,41.573,55.379,70.381,87.895
16.971,22.131,34.879,41.592,55.406,70.413,87.932
16.767,21.697,34.176,40.616,53.849,68.326,85.273
16.859,21.895,34.501,41.067,54.575,69.306,86.528
16.956,22.1,34.828,41.522,55.295,70.264,87.743
15.855,19.765,30.993,36.16,46.584,58.465,72.524
15.167,18.326,28.56,32.714,40.805,50.522,62.115
16.766,21.7,34.184,40.628,53.872,68.365,85.327
16.887,21.955,34.597,41.202,54.789,69.593,86.894
17.033,22.263,35.092,41.887,55.875,71.04,88.729
14.867,17.702,27.471,31.166,38.182,46.891,57.335
16.996,22.185,34.967,41.715,55.604,70.679,88.273
16.929,22.041,34.734,41.391,55.086,69.987,87.391
16.976,22.141,34.895,41.614,55.442,70.461,87.993
16.703,21.563,33.963,40.32,53.375,67.695,84.469
16.981,22.151,34.913,41.639,55.482,70.515,88.063
16.942,22.068,34.778,41.452,55.184,70.117,87.555
16.589,21.319,33.563,39.762,52.473,66.476,82.902
15.844,19.743,30.959,36.112,46.501,58.353,72.376
16.54,21.219,33.403,39.539,52.118,66.004,82.3
16.896,21.972,34.622,41.236,54.84,69.655,86.968
16.867,21.91,34.523,41.099,54.62,69.364,86.599
16.541,21.217,33.395,39.528,52.095,65.965,82.245
16.412,20.945,32.946,38.902,51.083,64.594,80.479
16.965,22.119,34.86,41.565,55.364,70.357,87.861
16.586,21.318,33.564,39.765,52.484,66.498,82.935
16.476,21.082,33.178,39.225,51.605,65.308,81.401
16.346,20.804,32.715,38.578,50.557,63.881,79.558
17.026,22.247,35.067,41.852,55.821,70.968,88.639
14.161,16.273,24.911,27.516,31.932,38.267,45.967
16.957,22.101,34.829,41.523,55.299,70.269,87.75
16.436,21.001,33.046,39.042,51.312,64.915,80.898
17.016,22.227,35.034,41.807,55.751,70.876,88.523
15.43,18.871,29.482,34.025,43.031,53.585,66.145
16.785,21.738,34.247,40.715,54.01,68.549,85.562
16.256,20.613,32.403,38.141,49.84,62.911,78.304
16.72,21.597,34.013,40.39,53.486,67.838,84.648
16.94,22.066,34.773,41.445,55.173,70.101,87.536
14.234,16.416,25.174,27.876,32.464,38.871,46.532
16.34,20.791,32.693,38.548,50.509,63.817,79.477
16.998,22.189,34.973,41.723,55.616,70.697,88.295
16.766,21.695,34.174,40.613,53.843,68.319,85.263
16.973,22.135,34.885,41.601,55.42,70.432,87.957
15.451,18.916,29.557,34.131,43.208,53.825,66.453
16.58,21.301,33.53,39.717,52.404,66.381,82.78
16.22,20.541,32.291,37.983,49.585,62.57,77.866
15.651,19.335,30.272,35.141,44.881,56.116,69.429
16.789,21.745,34.256,40.727,54.025,68.566,85.58
16.959,22.106,34.839,41.536,55.318,70.295,87.782
16.819,21.809,34.357,40.868,54.251,68.866,85.962
16.947,22.079,34.795,41.475,55.221,70.166,87.618
15.683,19.403,30.384,35.3,45.158,56.509,69.969
16.885,21.948,34.586,41.186,54.76,69.552,86.838
16.167,20.425,32.096,37.71,49.134,61.952,77.06
14.771,17.505,27.125,30.674,37.349,45.752,55.855
16.979,22.148,34.907,41.631,55.471,70.502,88.048
16.966,22.12,34.861,41.567,55.368,70.361,87.866
16.005,20.083,31.523,36.906,47.818,60.154,74.727
16.873,21.923,34.543,41.127,54.664,69.422,86.672
16.427,20.978,33.008,38.988,51.221,64.789,80.733
16.321,20.752,32.632,38.462,50.365,63.623,79.226
17.005,22.205,34.999,41.758,55.673,70.771,88.39
16.854,21.883,34.48,41.038,54.524,69.236,86.436
16.861,21.9,34.507,41.077,54.592,69.329,86.558
16.125,20.336,31.941,37.494,48.787,61.475,76.445
16.981,22.152,34.915,41.642,55.489,70.527,88.08
16.992,22.176,34.952,41.694,55.571,70.636,88.218
17.005,22.202,34.993,41.751,55.659,70.751,88.361
16.782,21.73,34.23,40.691,53.967,68.486,85.476
16.454,21.037,33.105,39.124,51.444,65.092,81.125
16.829,21.832,34.398,40.924,54.346,69,86.137
16.996,22.184,34.965,41.712,55.596,70.667,88.255
16.648,21.449,33.777,40.061,52.959,67.137,83.754
16.914,22.01,34.683,41.32,54.975,69.836,87.199
16.96,22.108,34.842,41.54,55.324,70.303,87.793
16.738,21.635,34.076,40.477,53.624,68.026,84.889
17.014,22.222,35.026,41.796,55.732,70.848,88.486
17.035,22.267,35.098,41.896,55.89,71.06,88.754
16.785,21.736,34.239,40.704,53.99,68.516,85.515
16.41,20.941,32.945,38.9,51.076,64.59,80.475
16.564,21.268,33.482,39.65,52.294,66.239,82.601
16.847,21.87,34.46,41.01,54.482,69.18,86.366
15.963,19.997,31.389,36.716,47.501,59.729,74.175
17.005,22.203,34.996,41.754,55.665,70.758,88.371
15.879,19.817,31.078,36.28,46.788,58.745,72.894
16.748,21.658,34.112,40.527,53.705,68.132,85.024
16.052,20.181,31.685,37.134,48.195,60.666,75.392
16.978,22.147,34.905,41.629,55.469,70.5,88.046
16.709,21.575,33.977,40.34,53.406,67.73,84.51
16.656,21.463,33.794,40.085,52.995,67.178,83.802
16.852,21.882,34.479,41.038,54.528,69.244,86.449
14.733,17.425,26.975,30.454,36.94,45.094,54.838
16.928,22.04,34.732,41.388,55.081,69.979,87.38
16.228,20.555,32.31,38.011,49.628,62.624,77.933
16.764,21.691,34.166,40.602,53.825,68.294,85.231
17.011,22.215,35.015,41.781,55.707,70.815,88.442
17.032,22.26,35.088,41.881,55.866,71.028,88.713
17.029,22.255,35.079,41.869,55.847,71.002,88.681
16.902,21.984,34.643,41.265,54.886,69.72,87.052
14.016,15.987,24.394,26.781,30.67,36.591,43.823
16.866,21.909,34.521,41.096,54.616,69.359,86.593
16.97,22.13,34.879,41.592,55.411,70.424,87.95
16.659,21.474,33.817,40.118,53.054,67.265,83.92
16.982,22.155,34.918,41.647,55.495,70.533,88.087
14.015,15.986,24.379,26.757,30.628,36.465,43.57
17.028,22.253,35.076,41.865,55.84,70.994,88.671
16.145,20.38,32.022,37.607,48.965,61.724,76.765
16.155,20.399,32.048,37.644,49.026,61.8,76.859
16.481,21.092,33.194,39.248,51.642,65.357,81.463
16.855,21.887,34.486,41.047,54.542,69.262,86.471
17.023,22.241,35.057,41.839,55.799,70.938,88.599
16.566,21.271,33.487,39.656,52.303,66.25,82.614
15.218,18.429,28.725,32.953,41.228,51.102,62.891
16.952,22.091,34.816,41.504,55.267,70.23,87.701
16.559,21.259,33.467,39.629,52.261,66.195,82.545
16.98,22.15,34.912,41.637,55.479,70.513,88.061
16.28,20.665,32.487,38.259,50.034,63.171,78.638
16.768,21.699,34.18,40.622,53.856,68.337,85.286
16.494,21.121,33.242,39.315,51.752,65.507,81.659
16.972,22.133,34.884,41.598,55.416,70.428,87.952
16.844,21.861,34.444,40.989,54.444,69.126,86.294
16.968,22.124,34.868,41.577,55.383,70.383,87.894
17.046,22.289,35.135,41.947,55.97,71.166,88.889
17.002,22.196,34.983,41.737,55.637,70.721,88.324
17.025,22.246,35.065,41.849,55.816,70.961,88.628
16.826,21.822,34.379,40.898,54.3,68.931,86.045
16.509,21.151,33.288,39.379,51.854,65.64,81.828
16.843,21.86,34.443,40.987,54.445,69.132,86.304
16.905,21.994,34.659,41.288,54.926,69.776,87.126
16.835,21.841,34.41,40.942,54.368,69.024,86.164
16.202,20.501,32.223,37.889,49.429,62.355,77.586
16.93,22.045,34.742,41.402,55.104,70.012,87.425
15.641,19.315,30.238,35.095,44.814,56.04,69.36
16.811,21.79,34.33,40.83,54.189,68.787,85.862
16.998,22.188,34.97,41.719,55.608,70.683,88.275
16.998,22.19,34.975,41.726,55.622,70.704,88.305
16.909,21.999,34.666,41.297,54.936,69.785,87.133
16.898,21.978,34.633,41.251,54.864,69.691,87.017
16.915,22.013,34.687,41.327,54.984,69.848,87.213
16.662,21.479,33.825,40.128,53.068,67.283,83.941
17.036,22.268,35.101,41.9,55.896,71.068,88.765
16.974,22.137,34.888,41.604,55.426,70.44,87.966
16.888,21.957,34.6,41.205,54.796,69.602,86.906
16.929,22.042,34.737,41.395,55.094,69.999,87.408
16.75,21.664,34.125,40.545,53.735,68.178,85.086
16.71,21.582,33.993,40.362,53.447,67.794,84.597
16.89,21.958,34.599,41.205,54.79,69.588,86.883
16.99,22.17,34.943,41.681,55.548,70.603,88.173
16.987,22.165,34.935,41.67,55.53,70.578,88.142
16.568,21.281,33.503,39.68,52.346,66.311,82.695
17.011,22.215,35.015,41.781,55.707,70.816,88.446
16.375,20.87,32.832,38.742,50.824,64.252,80.042
16.833,21.839,34.409,40.94,54.368,69.027,86.171
17.008,22.209,35.005,41.767,55.685,70.787,88.409
17.006,22.206,35.001,41.761,55.677,70.776,88.396
15.018,18.013,28.017,31.942,39.494,48.705,59.715
16.652,21.455,33.785,40.073,52.975,67.157,83.778
16.867,21.91,34.523,41.098,54.618,69.361,86.595
17.04,22.278,35.116,41.921,55.93,71.112,88.821
14.265,16.48,25.287,28.056,32.879,39.583,47.735
16.526,21.185,33.344,39.457,51.979,65.809,82.044
16.882,21.944,34.579,41.176,54.749,69.539,86.825
14.616,17.188,26.56,29.869,35.972,43.831,53.302
16.297,20.701,32.544,38.34,50.171,63.358,78.885
16.533,21.202,33.371,39.494,52.04,65.892,82.151
16.932,22.049,34.749,41.412,55.122,70.037,87.457
16.938,22.062,34.769,41.44,55.166,70.095,87.53
16.926,22.035,34.726,41.379,55.069,69.966,87.366
16.971,22.131,34.881,41.595,55.411,70.421,87.943
16.742,21.646,34.092,40.499,53.662,68.076,84.953
16.721,21.599,34.018,40.397,53.495,67.852,84.666
17.015,22.225,35.032,41.804,55.746,70.869,88.513
16.47,21.068,33.152,39.189,51.545,65.223,81.291
16.637,21.421,33.73,39.995,52.849,66.984,83.555
16.955,22.097,34.824,41.516,55.286,70.252,87.728
14.656,17.269,26.705,30.074,36.318,44.302,53.909
16.939,22.062,34.769,41.439,55.163,70.089,87.52
15.694,19.426,30.423,35.356,45.251,56.639,70.143
16.908,21.998,34.665,41.295,54.933,69.783,87.131
16.51,21.152,33.286,39.376,51.851,65.633,81.817
14.162,16.275,24.916,27.521,31.922,38.231,45.878
16.637,21.424,33.737,40.005,52.868,67.014,83.596
16.81,21.789,34.324,40.823,54.179,68.769,85.838
16.561,21.264,33.475,39.641,52.28,66.221,82.577
16.775,21.715,34.206,40.658,53.914,68.416,85.387
16.803,21.774,34.301,40.79,54.127,68.7,85.749
16.387,20.897,32.877,38.805,50.927,64.394,80.226
16.997,22.187,34.97,41.719,55.61,70.689,88.285
16.953,22.093,34.82,41.51,55.276,70.242,87.716
14.403,16.756,25.789,28.77,34.099,41.261,49.942
16.066,20.215,31.75,37.224,48.337,60.866,75.648
16.152,20.395,32.045,37.639,49.018,61.794,76.856
16.964,22.115,34.854,41.558,55.352,70.341,87.842
16.982,22.154,34.916,41.644,55.489,70.524,88.073
16.907,21.995,34.66,41.289,54.923,69.766,87.109
17.012,22.219,35.021,41.789,55.719,70.832,88.465
16.885,21.948,34.584,41.183,54.755,69.543,86.826
16.972,22.134,34.883,41.598,55.417,70.427,87.95
16.158,20.407,32.059,37.66,49.054,61.833,76.9
17.011,22.217,35.018,41.785,55.716,70.829,88.464
16.147,20.389,32.04,37.632,49.011,61.791,76.858
16.605,21.355,33.623,39.846,52.609,66.662,83.142
17.034,22.264,35.094,41.889,55.879,71.045,88.735
17.046,22.29,35.136,41.949,55.974,71.171,88.895
16.877,21.932,34.557,41.146,54.695,69.462,86.722
16.99,22.17,34.943,41.681,55.547,70.602,88.173
16.989,22.17,34.944,41.682,55.553,70.613,88.189
16.832,21.835,34.402,40.93,54.35,69.001,86.134
16.305,20.717,32.571,38.378,50.23,63.438,78.986
13.854,15.674,23.801,25.937,29.218,34.581,41.125
16.749,21.658,34.114,40.531,53.71,68.141,85.035
16.49,21.115,33.234,39.304,51.738,65.492,81.642
16.803,21.776,34.308,40.799,54.145,68.731,85.794
16.816,21.801,34.345,40.852,54.225,68.831,85.917
15.845,19.745,30.958,36.111,46.502,58.348,72.365
16.714,21.585,33.994,40.364,53.441,67.78,84.573
16.949,22.084,34.802,41.486,55.239,70.19,87.649
16.768,21.699,34.181,40.624,53.859,68.343,85.295
15.861,19.779,31.021,36.199,46.645,58.554,72.641
16.881,21.939,34.568,41.161,54.719,69.494,86.762
16.913,22.01,34.686,41.324,54.985,69.855,87.227
16.946,22.078,34.794,41.474,55.219,70.165,87.619
17.024,22.243,35.06,41.843,55.806,70.948,88.613
16.589,21.32,33.561,39.76,52.472,66.472,82.896
16.556,21.25,33.45,39.605,52.219,66.135,82.464
16.978,22.148,34.907,41.631,55.472,70.504,88.052
16.957,22.102,34.834,41.53,55.308,70.284,87.771
16.998,22.189,34.972,41.722,55.612,70.689,88.282
17.039,22.275,35.112,41.915,55.919,71.098,88.803
16.97,22.13,34.878,41.591,55.406,70.416,87.938
16.637,21.422,33.729,39.994,52.847,66.979,83.547
16.411,20.943,32.95,38.907,51.088,64.607,80.497
15.04,18.061,28.101,32.061,39.689,48.968,60.046
16.911,22.004,34.675,41.309,54.957,69.816,87.175
16.92,22.024,34.708,41.355,55.032,69.917,87.305
16.493,21.118,33.237,39.308,51.74,65.49,81.637
17.002,22.198,34.988,41.743,55.65,70.741,88.352
16.711,21.579,33.985,40.351,53.421,67.753,84.539
16.997,22.185,34.967,41.714,55.601,70.675,88.267
16.613,21.371,33.648,39.882,52.666,66.738,83.24
17.001,22.195,34.983,41.736,55.637,70.723,88.327
16.855,21.884,34.48,41.039,54.524,69.234,86.432
16.28,20.663,32.487,38.259,50.033,63.173,78.643
16.937,22.059,34.763,41.431,55.151,70.072,87.498
16.44,21.004,33.044,39.039,51.304,64.895,80.867
16.845,21.864,34.446,40.991,54.449,69.131,86.3
16.462,21.049,33.121,39.146,51.476,65.129,81.169
16.929,22.045,34.741,41.401,55.108,70.019,87.437
16.531,21.202,33.376,39.502,52.058,65.922,82.194
16.952,22.09,34.815,41.503,55.265,70.227,87.697
15.96,19.989,31.37,36.69,47.457,59.664,74.087
15.226,18.447,28.768,33.009,41.299,51.195,62.986
16.905,21.993,34.657,41.285,54.923,69.772,87.122
16.938,22.062,34.77,41.441,55.17,70.101,87.539
16.868,21.915,34.532,41.111,54.645,69.401,86.649
16.54,21.218,33.4,39.536,52.111,65.993,82.284
16.93,22.046,34.743,41.404,55.111,70.023,87.441
16.701,21.558,33.953,40.306,53.349,67.659,84.422
16.989,22.169,34.942,41.68,55.547,70.603,88.175
17.024,22.243,35.061,41.844,55.808,70.951,88.617
16.862,21.899,34.505,41.073,54.579,69.308,86.526
15.666,19.367,30.323,35.213,45.009,56.296,69.677
16.998,22.188,34.971,41.719,55.609,70.684,88.276
15.989,20.048,31.464,36.823,47.681,59.966,74.482
16.883,21.943,34.575,41.171,54.735,69.515,86.79
17.024,22.244,35.062,41.846,55.811,70.954,88.62
16.445,21.015,33.062,39.063,51.344,64.949,80.936
16.988,22.168,34.938,41.674,55.537,70.589,88.156
16.884,21.945,34.579,41.176,54.743,69.527,86.804
15.916,19.896,31.216,36.472,47.094,59.162,73.424
16.887,21.953,34.593,41.196,54.775,69.571,86.863
16.538,21.211,33.388,39.518,52.079,65.946,82.222
16.882,21.942,34.576,41.172,54.739,69.525,86.805
16.606,21.355,33.619,39.841,52.602,66.649,83.123
16.669,21.489,33.838,40.146,53.092,67.309,83.97
14.923,17.819,27.68,31.463,38.683,47.594,58.27
16.439,21.002,33.039,39.032,51.294,64.88,80.846
17.016,22.225,35.032,41.804,55.743,70.864,88.505
16.893,21.965,34.61,41.219,54.812,69.618,86.921
16.361,20.839,32.781,38.669,50.702,64.085,79.821
15.836,19.727,30.936,36.077,46.438,58.264,72.249
16.957,22.101,34.83,41.525,55.299,70.27,87.751
16.902,21.985,34.642,41.264,54.884,69.714,87.043
14.172,16.296,24.961,27.588,32.05,38.46,46.26
16.856,21.886,34.483,41.043,54.531,69.242,86.441
16.275,20.655,32.47,38.235,49.997,63.123,78.578
16.911,22.006,34.679,41.315,54.97,69.835,87.201
16.591,21.325,33.572,39.775,52.494,66.505,82.939
16.56,21.261,33.471,39.634,52.269,66.206,82.558
16.9,21.981,34.639,41.26,54.88,69.714,87.047
16.907,21.995,34.659,41.287,54.92,69.763,87.105
16.564,21.266,33.476,39.642,52.278,66.213,82.562
16.951,22.089,34.813,41.5,55.262,70.223,87.693
16.819,21.808,34.357,40.867,54.25,68.865,85.96
16.94,22.065,34.772,41.444,55.171,70.099,87.533
16.641,21.43,33.74,40.009,52.875,67.014,83.592
16.871,21.918,34.536,41.117,54.648,69.4,86.644
16.703,21.565,33.966,40.325,53.386,67.712,84.492
16.886,21.95,34.588,41.189,54.764,69.557,86.844
17.006,22.204,34.997,41.756,55.668,70.763,88.377
16.938,22.061,34.767,41.436,55.158,70.083,87.514
16.761,21.685,34.157,40.59,53.806,68.268,85.198
16.829,21.83,34.394,40.919,54.332,68.978,86.105
15.685,19.41,30.405,35.328,45.198,56.572,70.053
16.663,21.477,33.82,40.121,53.052,67.257,83.905
16.457,21.044,33.117,39.141,51.472,65.131,81.176
17.002,22.197,34.987,41.741,55.644,70.732,88.338
16.982,22.154,34.916,41.643,55.488,70.522,88.071
16.128,20.342,31.954,37.511,48.811,61.507,76.483
16.292,20.69,32.527,38.316,50.13,63.302,78.81
16.866,21.907,34.517,41.09,54.606,69.342,86.569
16.966,22.122,34.865,41.573,55.376,70.375,87.886
15.574,19.174,30.004,34.763,44.255,55.274,68.353
16.964,22.116,34.855,41.559,55.353,70.342,87.842
16.996,22.184,34.966,41.712,55.601,70.676,88.269
17.014,22.222,35.027,41.798,55.735,70.854,88.493
15.991,20.057,31.489,36.857,47.733,60.044,74.583
16.768,21.7,34.185,40.628,53.869,68.358,85.316
16.982,22.154,34.917,41.644,55.491,70.528,88.08
16.581,21.302,33.532,39.719,52.405,66.383,82.781
16.394,20.906,32.885,38.815,50.938,64.398,80.222
16.873,21.922,34.54,41.123,54.659,69.413,86.659
16.777,21.72,34.212,40.667,53.931,68.436,85.414
16.804,21.776,34.304,40.795,54.133,68.709,85.76
16.863,21.901,34.509,41.079,54.588,69.321,86.543
16.911,22.003,34.672,41.305,54.95,69.803,87.156
16.88,21.938,34.567,41.159,54.718,69.491,86.76
16.62,21.386,33.672,39.915,52.719,66.808,83.328
17.016,22.226,35.032,41.805,55.744,70.865,88.506
16.85,21.875,34.463,41.016,54.489,69.185,86.369
16.866,21.907,34.517,41.09,54.606,69.343,86.57
17.015,22.224,35.03,41.802,55.74,70.859,88.5
16.98,22.152,34.915,41.642,55.49,70.528,88.082
16.983,22.158,34.923,41.654,55.509,70.554,88.116
16.984,22.158,34.922,41.652,55.502,70.541,88.095
16.982,22.154,34.916,41.643,55.488,70.523,88.072
16.643,21.435,33.749,40.023,52.894,67.042,83.628
16.199,20.493,32.208,37.867,49.393,62.304,77.518
16.894,21.968,34.618,41.23,54.831,69.648,86.962
16.918,22.017,34.697,41.34,55.005,69.879,87.254
16.231,20.56,32.316,38.019,49.641,62.638,77.948
15.922,19.906,31.232,36.496,47.136,59.22,73.505
17.021,22.238,35.052,41.831,55.787,70.922,88.578
16.578,21.3,33.536,39.725,52.419,66.409,82.821
16.485,21.1,33.201,39.258,51.66,65.376,81.487
16.886,21.95,34.587,41.187,54.761,69.55,86.833
16.953,22.093,34.82,41.51,55.28,70.248,87.726
16.853,21.879,34.471,41.027,54.505,69.207,86.396
16.967,22.122,34.866,41.575,55.38,70.381,87.893
15.427,18.865,29.474,34.01,42.983,53.491,65.968
16.828,21.83,34.394,40.92,54.337,68.987,86.121
17.033,22.261,35.09,41.884,55.871,71.034,88.721
16.311,20.73,32.599,38.416,50.288,63.522,79.096
16.891,21.964,34.611,41.221,54.82,69.634,86.946
16.988,22.168,34.938,41.674,55.537,70.587,88.154
15.841,19.735,30.942,36.088,46.466,58.303,72.313
15.517,19.056,29.807,34.482,43.783,54.624,67.498
16.885,21.949,34.584,41.183,54.756,69.543,86.826
16.208,20.514,32.243,37.915,49.468,62.402,77.636
16.799,21.767,34.292,40.778,54.107,68.678,85.724
16.986,22.163,34.93,41.663,55.519,70.564,88.124
15.987,20.047,31.471,36.832,47.691,59.987,74.508
16.884,21.947,34.581,41.179,54.749,69.533,86.813
16.69,21.538,33.921,40.262,53.284,67.575,84.316
16.95,22.085,34.805,41.489,55.243,70.195,87.655
16.795,21.757,34.274,40.753,54.066,68.618,85.645
17.012,22.218,35.02,41.787,55.717,70.83,88.462
16.767,21.696,34.175,40.616,53.846,68.323,85.268
16.545,21.228,33.416,39.558,52.146,66.039,82.343
17.012,22.219,35.022,41.791,55.724,70.84,88.476
15.024,18.026,28.031,31.965,39.554,48.793,59.857
16.941,22.067,34.776,41.45,55.18,70.111,87.548
16.378,20.871,32.826,38.734,50.809,64.224,80.002
16.431,20.984,33.013,38.995,51.233,64.798,80.742
16.579,21.301,33.536,39.725,52.417,66.406,82.815
16.728,21.614,34.044,40.432,53.552,67.93,84.766
17.017,22.229,35.038,41.812,55.757,70.882,88.529
15.476,18.969,29.651,34.262,43.408,54.083,66.756
16.909,21.999,34.668,41.3,54.943,69.798,87.153
17,22.193,34.979,41.731,55.627,70.708,88.307
16.255,20.611,32.402,38.14,49.838,62.908,78.3
16.768,21.699,34.178,40.62,53.855,68.333,85.281
16.242,20.585,32.353,38.072,49.732,62.762,78.113
16.706,21.568,33.966,40.324,53.378,67.694,84.463
16.971,22.131,34.879,41.593,55.408,70.415,87.935
16.985,22.161,34.929,41.661,55.516,70.561,88.121
