14.727,17.412,26.954,30.418,36.845,44.913,54.505
15.544,19.111,29.889,34.597,43.968,54.841,67.728
12.22,13.252,18.217,18.613,19.548,27.641,34.169
14.682,17.319,26.79,30.18,36.42,44.295,53.632
15.582,19.191,30.027,34.793,44.289,55.283,68.303
15.374,18.753,29.279,33.733,42.511,52.818,65.047
14.844,17.651,27.375,31.019,37.878,46.354,56.426
15.746,19.535,30.61,35.616,45.665,57.182,70.801
14.874,17.718,27.476,31.167,38.162,46.73,56.911
15.712,19.464,30.489,35.447,45.389,56.809,70.329
15.227,18.45,28.771,33.006,41.264,51.085,62.73
15.237,18.468,28.786,33.032,41.329,51.161,62.831
14.978,17.93,27.854,31.706,39.077,48.036,58.697
13.295,14.637,21.748,22.973,23.867,27.044,30.224
15.214,18.419,28.71,32.922,41.132,50.901,62.498
13.595,15.184,22.832,24.528,26.665,30.793,35.52
15.729,19.5,30.55,35.533,45.531,57.006,70.586
15.224,18.445,28.761,32.991,41.233,51.031,62.637
14.784,17.528,27.158,30.707,37.338,45.589,55.386
14.478,16.904,26.04,29.103,34.541,41.595,49.894
14.969,17.911,27.829,31.667,38.991,47.911,58.507
15.626,19.285,30.192,35.025,44.676,55.825,69.022
15.13,18.244,28.411,32.495,40.392,49.855,61.074
15.037,18.051,28.076,32.018,39.584,48.737,59.6
11.939,13.213,17.673,18.544,21.113,31.109,37.794
14.873,17.715,27.476,31.17,38.18,46.805,57.097
13.885,15.731,23.885,26.022,29.208,34.197,39.997
15.126,18.238,28.388,32.469,40.391,49.879,61.174
15.841,19.735,30.946,36.091,46.455,58.27,72.231
15.958,19.984,31.362,36.677,47.428,59.608,73.988
15.044,18.065,28.092,32.043,39.638,48.804,59.689
15.385,18.776,29.318,33.789,42.609,52.958,65.239
15.508,19.034,29.764,34.419,43.662,54.417,67.161
15.852,19.759,30.986,36.147,46.552,58.41,72.426
12.027,19.792,27.597,38.417,63.421,93.185,115.81
13.954,15.866,24.138,26.391,29.882,35.189,41.449
15.424,18.859,29.466,33.996,42.947,53.422,65.839
14.5,16.951,26.119,29.223,34.789,41.979,50.491
14.385,16.717,25.714,28.64,33.742,40.54,48.573
14.445,16.838,25.925,28.944,34.287,41.299,49.602
14.949,17.872,27.746,31.551,38.812,47.633,58.107
15.481,18.977,29.664,34.277,43.42,54.071,66.689
15.765,19.575,30.677,35.712,45.828,57.412,71.116
14.827,17.623,27.333,30.951,37.724,46.106,56.007
15.497,19.013,29.727,34.367,43.578,54.308,67.031
15.276,18.549,28.927,33.232,41.666,51.637,63.472
14.67,17.296,26.753,30.13,36.342,44.221,53.588
15.388,18.785,29.344,33.821,42.641,52.992,65.247
15.184,18.36,28.613,32.781,40.873,50.524,61.954
12.603,13.588,19.358,19.753,19.388,23.83,27.674
15.894,19.847,31.133,36.354,46.892,58.872,73.022
15.442,18.9,29.539,34.099,43.121,53.674,66.182
15.604,19.237,30.108,34.907,44.483,55.559,68.68
14.233,16.414,25.156,27.848,32.413,38.726,46.232
15.596,19.22,30.079,34.865,44.412,55.459,68.543
15.38,18.772,29.323,33.792,42.604,52.962,65.246
14.226,16.398,25.124,27.794,32.271,38.438,45.677
15.39,18.795,29.363,33.848,42.695,53.082,65.392
14.415,16.782,25.838,28.809,33.997,40.863,48.922
13.346,14.73,21.929,23.237,24.393,27.727,31.211
12.824,13.894,20.083,20.692,20.584,23.856,26.759
15.647,19.326,30.258,35.119,44.84,56.052,69.33
13.892,15.74,23.913,26.057,29.217,34.201,39.955
15.245,18.485,28.83,33.09,41.405,51.275,62.972
12.83,13.912,20.133,20.793,20.871,24.134,26.989
15.558,19.14,29.942,34.672,44.087,55.004,67.935
15.526,19.074,29.833,34.516,43.822,54.641,67.455
15.689,19.416,30.408,35.331,45.192,56.532,69.953
15.49,18.999,29.707,34.337,43.516,54.21,66.871
14.687,17.33,26.812,30.213,36.484,44.41,53.827
15.414,18.838,29.431,33.945,42.86,53.303,65.681
14.582,17.118,26.441,29.677,35.526,43.041,51.92
14.88,17.728,27.518,31.221,38.216,46.842,57.09
15.252,18.5,28.852,33.122,41.46,51.348,63.066
15.294,18.588,29.005,33.339,41.827,51.86,63.749
15.318,18.636,29.077,33.446,42.032,52.151,64.164
15.109,18.203,28.344,32.401,40.242,49.677,60.888
15.16,18.306,28.513,32.643,40.669,50.263,61.67
15.078,18.138,28.215,32.22,39.949,49.239,60.277
13.84,15.641,23.724,25.79,28.769,33.604,39.192
15.939,19.943,31.293,36.581,47.27,59.392,73.707
14.688,17.332,26.805,30.203,36.475,44.365,53.726
13.898,15.753,23.93,26.075,29.219,34.116,39.685
15.236,18.467,28.798,33.047,41.34,51.203,62.911
15.193,18.377,28.63,32.81,40.95,50.638,62.14
14.859,17.683,27.435,31.099,37.989,46.483,56.534
11.69,13.465,17.586,19.59,25.587,40.058,50.897
14.315,16.581,25.476,28.298,33.142,39.742,47.551
13.645,15.273,23.027,24.795,27.023,31.283,36.126
15.752,19.548,30.633,35.65,45.722,57.265,70.918
15.272,18.543,28.929,33.232,41.648,51.619,63.44
15.809,19.669,30.837,35.936,46.198,57.918,71.771
14.17,16.29,24.926,27.519,31.847,37.932,45.163
14.846,17.657,27.377,31.022,37.884,46.332,56.353
15.627,19.288,30.197,35.032,44.689,55.842,69.045
14.986,17.946,27.891,31.755,39.137,48.113,58.77
12.954,14.077,20.556,21.335,21.338,24.449,27.237
15.489,18.994,29.69,34.316,43.496,54.186,66.864
15.434,18.884,29.513,34.061,43.048,53.558,65.999
15.393,18.794,29.356,33.841,42.689,53.075,65.396
14.852,17.669,27.399,31.054,37.949,46.444,56.542
15.613,19.255,30.139,34.952,44.558,55.665,68.822
15.013,18.001,27.984,31.887,39.361,48.412,59.151
14.877,17.72,27.49,31.184,38.172,46.763,56.977
15.333,18.667,29.135,33.527,42.158,52.326,64.388
15.068,18.119,28.198,32.188,39.855,49.096,60.033
13.616,15.217,22.908,24.62,26.699,30.733,35.206
15.364,18.733,29.243,33.681,42.424,52.693,64.877
15.039,18.06,28.076,32.025,39.643,48.837,59.792
15.712,19.464,30.492,35.449,45.389,56.808,70.321
15.923,19.908,31.236,36.499,47.135,59.209,73.47
14.354,16.655,25.599,28.479,33.488,40.211,48.19
14.699,17.355,26.852,30.268,36.565,44.484,53.858
15.186,18.361,28.605,32.775,40.895,50.575,62.082
15.353,18.715,29.226,33.654,42.369,52.632,64.804
15.449,18.91,29.547,34.112,43.152,53.706,66.222
14.634,17.224,26.608,29.927,36.03,43.766,52.979
15.085,18.155,28.262,32.283,40.039,49.395,60.509
15.62,19.269,30.16,34.98,44.608,55.727,68.898
13.981,15.916,24.235,26.522,30.065,35.381,41.588
12.887,13.975,20.323,21.023,20.919,24.114,26.92
14.831,17.631,27.348,30.975,37.778,46.207,56.189
15.094,18.176,28.299,32.335,40.125,49.512,60.656
15.937,19.939,31.285,36.57,47.25,59.362,73.663
12.735,13.76,19.792,20.316,20.067,23.65,26.726
15.585,19.199,30.048,34.821,44.337,55.362,68.42
15.651,19.336,30.275,35.142,44.871,56.082,69.346
15.494,19.005,29.709,34.342,43.535,54.231,66.906
15.024,18.026,28.035,31.958,39.475,48.587,59.395
15.772,19.591,30.704,35.75,45.89,57.498,71.228
15.656,19.346,30.289,35.163,44.908,56.136,69.423
15.063,18.105,28.167,32.148,39.805,49.038,59.991
14.073,16.095,24.574,27.007,30.904,36.569,43.217
14.591,17.137,26.475,29.727,35.623,43.194,52.16
15.328,18.658,29.117,33.501,42.118,52.267,64.308
15.497,19.012,29.727,34.366,43.567,54.277,66.961
14.909,17.787,27.612,31.359,38.471,47.195,57.573
14.197,16.346,25.02,27.65,32.066,38.173,45.383
15.703,19.445,30.456,35.4,45.306,56.689,70.158
14.473,16.899,26.051,29.117,34.552,41.68,50.094
14.816,17.595,27.28,30.88,37.615,45.963,55.847
14,15.959,24.299,26.613,30.248,35.58,41.783
15.853,19.762,30.992,36.155,46.562,58.419,72.428
11.715,13.425,17.566,19.427,24.915,38.69,48.751
14.912,17.798,27.616,31.367,38.503,47.208,57.553
14.353,16.655,25.61,28.488,33.463,40.166,48.078
15.578,19.186,30.026,34.789,44.282,55.284,68.312
13.236,14.546,21.541,22.708,23.635,26.893,30.309
15.021,18.022,28.031,31.952,39.468,48.588,59.414
14.571,17.094,26.387,29.605,35.434,42.919,51.799
14.717,17.394,26.91,30.355,36.744,44.735,54.218
15.128,18.242,28.395,32.474,40.372,49.811,61.006
11.778,13.328,17.536,19.071,24.398,39.006,51.105
14.024,16.005,24.39,26.753,30.533,36.073,42.622
15.53,19.085,29.854,34.547,43.874,54.717,67.562
15.303,18.606,29.031,33.379,41.91,51.988,63.95
15.731,19.504,30.556,35.541,45.543,57.018,70.596
13.13,14.371,21.165,22.186,22.819,25.93,29.051
14.242,16.436,25.185,27.891,32.52,38.855,46.393
14.236,16.419,25.179,27.87,32.385,38.65,46.026
13.781,15.53,23.503,25.469,28.196,32.736,37.884
15.381,18.768,29.31,33.776,42.58,52.924,65.197
15.522,19.064,29.81,34.485,43.778,54.576,67.375
14.827,17.62,27.31,30.931,37.756,46.194,56.246
15.28,18.557,28.942,33.255,41.71,51.71,63.592
13.637,15.261,22.979,24.729,26.971,31.125,35.829
15.472,18.96,29.64,34.244,43.368,54.018,66.644
14.491,16.93,26.097,29.188,34.7,41.885,50.393
12.596,13.586,19.351,19.778,19.579,23.694,26.962
15.551,19.126,29.923,34.644,44.032,54.925,67.817
15.2,18.391,28.652,32.84,40.998,50.689,62.184
14.025,16.004,24.399,26.766,30.542,36.126,42.747
15.536,19.093,29.863,34.558,43.89,54.723,67.547
14.714,17.386,26.912,30.355,36.716,44.721,54.212
14.663,17.282,26.723,30.089,36.284,44.141,53.493
15.632,19.297,30.212,35.054,44.726,55.896,69.12
15.43,18.872,29.489,34.028,42.994,53.48,65.897
14.911,17.799,27.643,31.397,38.512,47.25,57.612
13.724,15.43,23.298,25.192,27.836,32.346,37.585
15.424,18.861,29.474,34.006,42.955,53.428,65.828
15.498,19.017,29.739,34.382,43.59,54.311,67.001
15.734,19.51,30.565,35.553,45.563,57.043,70.625
15.289,18.575,28.976,33.302,41.778,51.8,63.695
14.562,17.076,26.366,29.574,35.367,42.852,51.733
15.038,18.057,28.094,32.043,39.628,48.824,59.749
15.73,19.501,30.55,35.532,45.528,56.994,70.562
14.755,17.471,27.065,30.569,37.066,45.184,54.773
14.878,17.726,27.495,31.195,38.217,46.839,57.112
15.621,19.272,30.163,34.985,44.609,55.718,68.865
15.271,18.538,28.914,33.212,41.622,51.58,63.394
15.88,19.818,31.084,36.286,46.782,58.722,72.83
15.939,19.944,31.295,36.583,47.271,59.393,73.706
14.745,17.451,27.011,30.503,37.018,45.149,54.829
14.814,17.59,27.269,30.868,37.618,46.001,55.969
14.92,17.81,27.659,31.425,38.576,47.357,57.804
15.256,18.509,28.87,33.146,41.497,51.396,63.121
13.933,15.821,24.074,26.293,29.653,34.896,41.046
15.666,19.366,30.322,35.211,44.993,56.258,69.594
13.618,15.232,22.923,24.667,26.967,31.27,36.302
14.966,17.904,27.812,31.647,38.974,47.901,58.529
13.804,15.579,23.588,25.601,28.508,33.233,38.714
15.374,18.759,29.301,33.761,42.548,52.881,65.133
14.779,17.521,27.139,30.686,37.333,45.608,55.471
14.752,17.464,27.038,30.54,37.077,45.245,54.973
14.947,17.871,27.77,31.58,38.831,47.704,58.239
12.376,13.367,18.647,18.98,19.274,25.585,30.883
15.595,19.217,30.071,34.856,44.4,55.442,68.527
14.574,17.098,26.398,29.622,35.461,42.971,51.887
15.133,18.251,28.416,32.504,40.427,49.915,61.187
15.804,19.657,30.813,35.903,46.144,57.841,71.67
15.932,19.928,31.267,36.544,47.211,59.314,73.611
15.933,19.931,31.273,36.553,47.223,59.329,73.626
15.547,19.117,29.905,34.618,43.993,54.871,67.754
11.561,13.789,17.859,20.609,28.101,43.087,53.42
15.457,18.929,29.586,34.166,43.232,53.818,66.362
15.266,18.534,28.918,33.216,41.627,51.607,63.449
14.548,17.052,26.323,29.506,35.226,42.618,51.342
15.693,19.424,30.426,35.357,45.235,56.599,70.049
11.529,13.976,18.095,21.346,29.948,46.355,58.182
15.906,19.874,31.18,36.421,47.004,59.03,73.236
14.376,16.698,25.681,28.591,33.648,40.4,48.367
14.379,16.704,25.684,28.598,33.68,40.436,48.419
14.845,17.654,27.384,31.031,37.888,46.369,56.438
15.162,18.314,28.536,32.671,40.686,50.267,61.617
15.905,19.872,31.174,36.412,46.989,59.004,73.195
14.985,17.943,27.889,31.75,39.121,48.084,58.716
12.975,14.12,20.627,21.453,21.719,24.83,27.738
15.662,19.36,30.316,35.201,44.974,56.236,69.569
14.795,17.553,27.209,30.78,37.453,45.765,55.633
15.685,19.408,30.398,35.316,45.162,56.49,69.89
14.381,16.709,25.687,28.6,33.678,40.399,48.314
15.307,18.613,29.042,33.395,41.935,52.017,63.98
14.782,17.526,27.161,30.711,37.335,45.596,55.401
15.758,19.561,30.654,35.679,45.772,57.336,71.015
15.473,18.961,29.637,34.24,43.359,53.995,66.601
15.746,19.536,30.612,35.619,45.672,57.195,70.827
15.999,20.07,31.505,36.879,47.763,60.069,74.594
15.555,19.134,29.928,34.653,44.063,54.974,67.907
15.918,19.899,31.22,36.477,47.099,59.16,73.407
15.155,18.297,28.495,32.617,40.619,50.18,61.534
14.952,17.876,27.768,31.578,38.829,47.672,58.162
15.232,18.459,28.785,33.026,41.296,51.124,62.772
15.152,18.295,28.504,32.625,40.607,50.158,61.47
15.378,18.761,29.295,33.753,42.538,52.847,65.067
14.456,16.86,25.973,29.01,34.386,41.45,49.811
15.582,19.191,30.032,34.799,44.3,55.305,68.342
13.748,15.47,23.394,25.331,28.05,32.717,38.19
15.405,18.818,29.396,33.897,42.778,53.186,65.523
15.66,19.355,30.303,35.183,44.946,56.191,69.504
15.5,19.021,29.746,34.393,43.615,54.357,67.084
15.592,19.211,30.062,34.843,44.378,55.413,68.49
15.478,18.972,29.66,34.272,43.412,54.075,66.712
15.322,18.645,29.094,33.471,42.076,52.225,64.281
14.877,17.721,27.506,31.203,38.178,46.778,56.981
15.957,19.981,31.358,36.672,47.422,59.606,73.995
15.308,18.615,29.04,33.393,41.939,52.016,63.974
15.012,18.006,28.004,31.913,39.396,48.483,59.258
15.528,19.077,29.839,34.525,43.838,54.662,67.484
15.224,18.441,28.752,32.98,41.22,51.017,62.633
14.675,17.312,26.787,30.173,36.397,44.287,53.638
14.983,17.942,27.874,31.734,39.126,48.097,58.766
15.766,19.577,30.679,35.714,45.83,57.41,71.105
15.731,19.505,30.557,35.542,45.546,57.022,70.602
14.561,17.077,26.37,29.579,35.379,42.883,51.797
15.835,19.724,30.927,36.064,46.411,58.21,72.154
14.336,16.619,25.542,28.387,33.265,39.842,47.554
15.324,18.65,29.11,33.49,42.089,52.235,64.264
15.826,19.705,30.896,36.021,46.342,58.122,72.051
15.617,19.266,30.161,34.981,44.605,55.731,68.906
12.856,13.928,20.203,20.849,20.655,23.872,26.692
15.067,18.114,28.186,32.173,39.84,49.083,60.038
15.507,19.032,29.76,34.413,43.647,54.39,67.113
15.975,20.019,31.42,36.759,47.566,59.802,74.25
11.73,13.412,17.567,19.38,24.585,37.995,47.677
14.932,17.833,27.692,31.471,38.651,47.427,57.845
15.044,18.072,28.117,32.071,39.654,48.814,59.649
12.318,13.317,18.486,18.83,19.278,26.007,31.382
13.794,15.568,23.562,25.578,28.557,33.415,39.178
14.97,17.913,27.833,31.672,38.998,47.919,58.516
15.428,18.868,29.484,34.02,42.977,53.455,65.859
15.55,19.124,29.919,34.639,44.03,54.932,67.845
15.53,19.082,29.847,34.535,43.852,54.677,67.495
15.733,19.508,30.566,35.554,45.561,57.041,70.619
14.482,16.919,26.059,29.143,34.682,41.87,50.425
15.236,18.465,28.789,33.035,41.329,51.182,62.885
15.679,19.397,30.381,35.293,45.127,56.449,69.848
14.895,17.757,27.56,31.281,38.318,46.952,57.194
15.137,18.259,28.436,32.533,40.468,49.98,61.277
15.342,18.687,29.164,33.569,42.234,52.426,64.518
12.392,13.375,18.693,19.017,19.21,25.33,30.42
15.665,19.365,30.323,35.211,44.989,56.248,69.574
13.721,15.419,23.293,25.186,27.8,32.356,37.673
15.606,19.241,30.113,34.914,44.494,55.572,68.691
14.472,16.894,26.019,29.077,34.521,41.592,49.945
11.746,13.372,17.544,19.206,24.219,37.445,47.038
14.915,17.799,27.641,31.395,38.504,47.219,57.55
15.048,18.075,28.11,32.071,39.702,48.923,59.902
14.791,17.545,27.194,30.757,37.406,45.684,55.497
15.35,18.703,29.198,33.615,42.3,52.517,64.627
14.985,17.945,27.882,31.745,39.139,48.121,58.804
14.201,16.351,25.056,27.688,32.039,38.129,45.239
15.562,19.152,29.967,34.705,44.136,55.07,68.01
15.648,19.331,30.267,35.131,44.855,56.068,69.339
11.984,13.209,17.735,18.538,21.006,31.282,38.778
14.12,16.188,24.75,27.25,31.268,37.01,43.667
14.467,16.882,26.012,29.066,34.487,41.588,49.993
15.736,19.514,30.575,35.567,45.584,57.072,70.662
15.293,18.585,28.988,33.32,41.824,51.869,63.803
15.491,18.999,29.702,34.332,43.519,54.22,66.906
15.87,19.797,31.05,36.238,46.702,58.615,72.695
15.559,19.143,29.948,34.681,44.103,55.03,67.977
15.528,19.077,29.831,34.514,43.822,54.629,67.429
14.046,16.044,24.463,26.843,30.613,36.064,42.378
15.462,18.943,29.615,34.207,43.303,53.93,66.525
13.874,15.71,23.868,26,29.148,34.247,40.234
15.059,18.097,28.156,32.133,39.781,49.015,59.976
15.948,19.962,31.325,36.626,47.344,59.494,73.842
16.002,20.076,31.514,36.892,47.785,60.101,74.638
15.442,18.895,29.523,34.077,43.08,53.592,66.039
15.803,19.656,30.812,35.903,46.146,57.85,71.692
15.351,18.712,29.22,33.644,42.343,52.581,64.705
15.456,18.926,29.578,34.155,43.212,53.783,66.306
14.163,16.277,24.897,27.475,31.768,37.784,44.903
11.466,14.336,18.577,22.548,33.038,51.292,64.844
15.291,18.579,28.985,33.314,41.795,51.821,63.715
14.297,16.545,25.413,28.208,32.992,39.553,47.329
15.062,18.107,28.179,32.165,39.837,49.115,60.137
15.172,18.333,28.556,32.704,40.763,50.374,61.781
13.861,15.684,23.794,25.891,28.97,33.845,39.48
15.192,18.374,28.631,32.812,40.953,50.664,62.206
14.866,17.703,27.452,31.136,38.126,46.716,56.959
15.344,18.692,29.18,33.59,42.266,52.485,64.612
14.085,16.12,24.622,27.077,31.029,36.765,43.517
15.442,18.895,29.524,34.08,43.094,53.627,66.119
15.118,18.226,28.385,32.455,40.318,49.759,60.944
15.659,19.353,30.305,35.184,44.942,56.185,69.488
15.894,19.849,31.137,36.361,46.906,58.897,73.066
14.265,16.482,25.264,27.996,32.657,38.95,46.343
15.02,18.017,28.015,31.933,39.446,48.556,59.382
15.354,18.717,29.23,33.66,42.377,52.642,64.812
15.644,19.322,30.253,35.112,44.823,56.024,69.282
15.708,19.456,30.474,35.425,45.352,56.757,70.257
15.971,20.01,31.406,36.739,47.532,59.753,74.181
15.642,19.318,30.247,35.103,44.81,56.011,69.272
15.083,18.146,28.236,32.248,39.983,49.293,60.348
14.787,17.535,27.174,30.732,37.378,45.66,55.499
12.724,13.742,19.754,20.25,19.867,23.614,26.955
15.52,19.061,29.811,34.485,43.767,54.558,67.338
15.286,18.574,28.983,33.307,41.772,51.785,63.646
14.812,17.586,27.265,30.858,37.579,45.919,55.8
15.473,18.966,29.653,34.26,43.389,54.042,66.66
15.21,18.411,28.696,32.902,41.097,50.848,62.421
15.794,19.638,30.784,35.862,46.076,57.755,71.564
15.08,18.141,28.232,32.241,39.962,49.26,60.29
15.76,19.567,30.665,35.694,45.796,57.369,71.056
15.495,19.008,29.719,34.356,43.556,54.271,66.971
14.611,17.175,26.532,29.815,35.807,43.465,52.573
15.342,18.688,29.166,33.572,42.241,52.441,64.546
14.666,17.288,26.73,30.101,36.318,44.197,53.589
15.06,18.1,28.151,32.128,39.789,49.02,59.989
14.844,17.652,27.375,31.02,37.88,46.357,56.431
15.073,18.134,28.228,32.233,39.954,49.279,60.353
14.45,16.851,25.961,28.984,34.295,41.265,49.432
15.652,19.339,30.281,35.151,44.887,56.11,69.392
14.225,16.396,25.13,27.807,32.316,38.582,46.009
12.981,14.116,20.635,21.427,21.418,24.414,27.077
15.022,18.028,28.044,31.97,39.5,48.639,59.487
15.318,18.641,29.099,33.474,42.065,52.215,64.258
15.014,18.009,28.011,31.925,39.427,48.546,59.38
14.776,17.514,27.141,30.684,37.298,45.569,55.406
15.267,18.534,28.914,33.208,41.598,51.534,63.296
15.187,18.363,28.616,32.786,40.89,50.554,62.011
15.718,19.477,30.514,35.481,45.44,56.877,70.407
15.858,19.772,31.01,36.181,46.607,58.485,72.524
15.514,19.047,29.785,34.448,43.711,54.485,67.253
13.676,15.332,23.115,24.914,27.242,31.408,36.051
15.75,19.543,30.622,35.634,45.699,57.233,70.878
14.053,16.059,24.499,26.904,30.756,36.376,42.998
15.38,18.766,29.302,33.765,42.562,52.884,65.127
15.886,19.831,31.108,36.32,46.839,58.806,72.948
14.388,16.725,25.716,28.648,33.801,40.63,48.741
15.778,19.603,30.723,35.777,45.938,57.564,71.317
15.486,18.988,29.682,34.303,43.468,54.145,66.798
14.159,16.265,24.886,27.447,31.631,37.513,44.356
15.531,19.083,29.848,34.539,43.867,54.71,67.564
14.989,17.952,27.902,31.769,39.157,48.137,58.792
15.397,18.804,29.374,33.864,42.718,53.099,65.394
14.647,17.251,26.659,29.997,36.133,43.901,53.137
15.045,18.069,28.102,32.058,39.667,48.864,59.8
12.672,13.677,19.602,20.083,19.795,23.607,26.742
14.035,16.028,24.427,26.797,30.576,36.038,42.407
15.885,19.828,31.102,36.311,46.823,58.781,72.91
15.301,18.601,29.02,33.365,41.894,51.969,63.937
14.593,17.137,26.469,29.716,35.584,43.079,51.905
13.984,15.92,24.252,26.541,30.062,35.376,41.551
15.679,19.393,30.37,35.278,45.104,56.413,69.802
15.362,18.728,29.238,33.674,42.413,52.685,64.876
11.724,13.397,17.547,19.266,24.511,37.818,47.318
15.317,18.635,29.079,33.449,42.034,52.164,64.195
14.265,16.478,25.27,28.011,32.704,39.123,46.759
15.15,18.292,28.499,32.617,40.592,50.134,61.432
15.063,18.106,28.168,32.151,39.816,49.063,60.043
14.817,17.597,27.285,30.886,37.621,45.969,55.849
15.277,18.554,28.95,33.262,41.703,51.703,63.566
15.507,19.032,29.757,34.409,43.641,54.375,67.087
15.014,18.003,27.988,31.893,39.369,48.424,59.166
15.586,19.2,30.047,34.82,44.336,55.358,68.414
15.36,18.723,29.231,33.663,42.387,52.642,64.804
15.664,19.362,30.318,35.203,44.978,56.237,69.565
14.295,16.543,25.374,28.153,32.931,39.329,46.847
15.532,19.085,29.849,34.54,43.867,54.704,67.546
14.714,17.39,26.925,30.37,36.736,44.756,54.26
15.55,19.124,29.916,34.634,44.023,54.918,67.823
15.836,19.725,30.928,36.066,46.416,58.216,72.164
15.672,19.379,30.348,35.247,45.053,56.347,69.72
14.964,17.901,27.806,31.636,38.948,47.847,58.426
15.453,18.919,29.568,34.141,43.195,53.773,66.315
13.698,15.371,23.215,25.068,27.532,31.99,37.134
15.176,18.34,28.574,32.73,40.809,50.459,61.925
14.47,16.89,26.034,29.097,34.534,41.681,50.15
15.84,19.735,30.945,36.089,46.452,58.266,72.226
15.438,18.888,29.508,34.057,43.057,53.569,66.032
14.217,16.382,25.095,27.757,32.239,38.442,45.781
14.214,16.377,25.082,27.741,32.231,38.444,45.816
15.452,18.917,29.562,34.133,43.18,53.741,66.257
15.681,19.4,30.384,35.297,45.136,56.462,69.87
13.697,15.37,23.207,25.057,27.525,31.96,37.074
15.682,19.401,30.382,35.295,45.135,56.458,69.864
15.514,19.051,29.798,34.467,43.743,54.541,67.339
15.769,19.585,30.696,35.738,45.866,57.461,71.167
13.988,15.928,24.269,26.564,30.086,35.407,41.576
15.229,18.451,28.77,33.006,41.267,51.088,62.736
15.715,19.472,30.505,35.468,45.418,56.844,70.362
14.73,17.419,26.961,30.429,36.88,44.963,54.584
14.701,17.359,26.856,30.276,36.592,44.532,53.948
15.05,18.079,28.114,32.073,39.692,48.871,59.766
14.632,17.223,26.607,29.929,36.053,43.834,53.136
15.286,18.57,28.967,33.288,41.753,51.761,63.634
15.515,19.048,29.787,34.451,43.71,54.473,67.217
14.97,17.915,27.827,31.669,39.024,47.971,58.631
14.892,17.754,27.545,31.266,38.332,46.996,57.314
15.106,18.194,28.321,32.369,40.192,49.594,60.763
15.838,19.729,30.934,36.075,46.43,58.235,72.188
14.713,17.388,26.895,30.334,36.716,44.686,54.138
15.488,18.993,29.692,34.318,43.495,54.192,66.876
15.883,19.824,31.095,36.301,46.806,58.755,72.873
15.356,18.722,29.237,33.668,42.383,52.635,64.774
15.289,18.583,28.999,33.33,41.81,51.837,63.711
15.309,18.619,29.047,33.403,41.962,52.057,64.047
15.742,19.526,30.594,35.594,45.632,57.14,70.755
14.812,17.587,27.255,30.848,37.588,45.929,55.832
14.536,17.022,26.261,29.426,35.124,42.498,51.254
15.433,18.878,29.501,34.046,43.029,53.54,65.997
15.599,19.226,30.09,34.881,44.438,55.496,68.593
14.493,16.936,26.102,29.197,34.726,41.916,50.434
14.17,16.287,24.925,27.505,31.748,37.693,44.638
15.896,19.851,31.139,36.363,46.908,58.894,73.051
14.543,17.039,26.3,29.472,35.161,42.512,51.176
14.397,16.744,25.748,28.692,33.868,40.702,48.796
15.137,18.258,28.426,32.518,40.45,49.933,61.188
15.327,18.659,29.13,33.518,42.139,52.316,64.388
15.25,18.494,28.835,33.101,41.435,51.309,63.02
15.639,19.311,30.234,35.085,44.779,55.966,69.211
13.492,14.992,22.456,23.983,25.663,29.373,33.437
15.154,18.297,28.506,32.63,40.625,50.198,61.553
15.945,19.956,31.315,36.611,47.319,59.46,73.796
14.674,17.303,26.763,30.144,36.37,44.258,53.638
15.079,18.144,28.243,32.253,39.97,49.265,60.271
15.567,19.157,29.968,34.709,44.154,55.093,68.053
13.835,15.635,23.7,25.758,28.749,33.557,39.125
13.521,15.043,22.569,24.141,25.897,29.71,33.91
14.766,17.496,27.086,30.611,37.212,45.416,55.181
14.512,16.974,26.175,29.297,34.87,42.092,50.611
15.308,18.616,29.052,33.405,41.938,52.008,63.935
15.529,19.079,29.835,34.521,43.841,54.665,67.497
14.106,16.16,24.699,27.183,31.187,36.963,43.73
14.93,17.831,27.682,31.462,38.675,47.492,58.006
14.82,17.606,27.305,30.917,37.696,46.128,56.153
15.556,19.134,29.93,34.655,44.059,54.96,67.871
15.124,18.233,28.385,32.462,40.367,49.852,61.139
15.854,19.764,30.995,36.16,46.569,58.426,72.435
15.247,18.488,28.827,33.089,41.419,51.302,63.037
14.856,17.678,27.427,31.09,37.983,46.492,56.581
15.686,19.411,30.404,35.326,45.181,56.525,69.949
12.856,13.937,20.216,20.898,20.914,24.141,26.97
15.489,18.995,29.693,34.319,43.498,54.186,66.856
14.437,16.822,25.894,28.902,34.235,41.243,49.567
14.671,17.298,26.748,30.124,36.347,44.215,53.574
14.807,17.578,27.254,30.844,37.568,45.933,55.871
15.279,18.556,28.946,33.257,41.695,51.678,63.518
15.889,19.838,31.118,36.333,46.858,58.825,72.963
13.574,15.14,22.746,24.384,26.291,30.1,34.219
15.43,18.874,29.494,34.036,43.015,53.53,65.997
15.621,19.271,30.161,34.982,44.611,55.727,68.893
14.602,17.155,26.498,29.764,35.707,43.305,52.322
14.721,17.401,26.921,30.369,36.765,44.747,54.202
13.969,15.898,24.195,26.48,30.091,35.538,42.035
14.987,17.948,27.889,31.753,39.141,48.109,58.757
15.691,19.42,30.415,35.34,45.205,56.545,69.961
15.784,19.615,30.745,35.807,45.984,57.626,71.392
