4.0183e-07,4.9006e-07,0.4117,0.16836,1.3203,0.92457
4.7248e-07,9.474e-07,0.40369,0.12199,0.73146,1.449
1.7841e-07,2.1114e-07,0.13355,0.42996,0.51692,1.0155
4.3058e-07,4.3529e-07,0.25983,0.4438,1.0713,0.70924
6.4052e-07,7.8016e-07,0.15732,0.14134,1.3404,0.56763
4.1808e-07,8.5847e-07,0.29287,0.22089,0.53396,1.4713
4.1939e-07,5.2206e-07,0.45374,0.37928,1.0379,1.0564
7.6936e-07,8.1745e-07,0.23667,0.22271,0.56421,0.97505
1.0726e-07,9.2558e-07,0.24251,0.2642,0.89863,0.66278
6.3582e-07,9.3735e-07,0.41826,0.2826,1.3132,1.4997
8.2245e-07,2.5297e-07,0.24554,0.30908,0.87934,1.2449
2.3222e-07,9.8473e-07,0.34085,0.25316,1.1829,0.61695
2.5423e-07,7.9519e-07,0.12168,0.33478,0.92779,1.206
3.5226e-07,1.5474e-07,0.29807,0.2253,0.75147,0.79975
5.0417e-07,6.3181e-07,0.44406,0.12542,1.236,0.86482
2.047e-07,3.9308e-07,0.4871,0.41309,1.184,1.0813
7.2216e-07,8.5304e-07,0.14087,0.26859,1.3369,1.4
8.1801e-07,2.5668e-07,0.34412,0.1764,0.65672,0.95505
4.0951e-07,5.0598e-07,0.37289,0.41825,0.94001,0.96987
2.9309e-07,5.2485e-07,0.32719,0.12375,0.54326,0.53888
4.4521e-07,5.5473e-07,0.34433,0.45252,1.0395,1.0266
9.4603e-07,4.5531e-07,0.38113,0.36862,1.0171,1.1334
6.1086e-07,4.4574e-07,0.17188,0.28901,0.5878,1.1484
5.4031e-07,4.7595e-07,0.29728,0.29689,0.81562,1.2015
1.6978e-07,1.8678e-07,0.16564,0.41472,1.4927,1.1623
1.654e-07,8.5125e-07,0.16803,0.18673,1.193,1.4949
2.3392e-07,4.2237e-07,0.47521,0.47764,1.4806,0.58564
1.7356e-07,9.8369e-07,0.23853,0.48095,1.2978,1.2588
8.864e-07,8.1013e-07,0.37047,0.18139,0.80355,0.52071
9.7584e-07,9.0123e-07,0.2273,0.19787,0.75998,0.69987
3.2788e-07,7.4113e-07,0.21367,0.43972,0.69242,0.97139
3.6756e-07,9.3022e-07,0.15934,0.11795,1.4196,0.9825
7.1028e-07,6.1905e-07,0.25027,0.25097,0.78369,1.4533
8.9789e-07,8.1312e-07,0.21625,0.1765,1.4051,1.0487
1.0458e-07,1.1114e-07,0.19566,0.21613,1.0097,0.81693
2.2238e-07,4.537e-07,0.33407,0.47289,0.80886,1.4059
6.424e-07,6.2563e-07,0.21124,0.21298,0.99166,0.8619
1.7428e-07,6.8023e-07,0.38625,0.27702,0.96526,0.62921
4.1363e-07,3.4455e-07,0.41426,0.11395,1.3234,0.50349
3.2009e-07,4.7982e-07,0.25397,0.33937,1.3272,0.61057
1.3076e-07,9.3446e-07,0.13284,0.19581,0.84072,0.58154
5.7706e-07,7.5671e-07,0.44087,0.30889,0.72432,0.68728
7.6391e-07,8.4958e-07,0.35707,0.16616,1.0428,1.3904
7.2381e-07,1.4364e-07,0.41648,0.39974,0.64864,0.55478
6.5096e-07,6.818e-07,0.11337,0.30127,1.424,1.2544
3.3881e-07,8.8017e-07,0.40805,0.11183,0.6201,1.0788
4.8537e-07,3.6337e-07,0.41468,0.18761,1.1807,1.3162
8.7935e-07,3.0609e-07,0.35439,0.27459,0.55321,1.0079
7.5693e-07,3.0333e-07,0.35077,0.30816,0.58288,0.90027
3.0289e-07,1.0847e-07,0.42683,0.14455,1.001,0.51441
8.9208e-07,8.8842e-07,0.18529,0.17327,0.74702,0.64405
8.7348e-07,3.6006e-07,0.48001,0.26097,1.3009,0.80973
7.6559e-07,6.5032e-07,0.28392,0.12947,1.3968,1.1923
2.6544e-07,4.7792e-07,0.10891,0.15626,1.0231,1.4083
7.0546e-07,7.154e-07,0.14006,0.34701,1.0256,1.3202
9.3555e-07,2.3211e-07,0.38854,0.14973,1.3734,1.0229
2.9182e-07,4.4324e-07,0.22256,0.3669,1.0972,0.5079
9.947e-07,1.6959e-07,0.26505,0.30389,1.091,0.65591
6.0152e-07,1.2631e-07,0.37686,0.10153,0.7197,0.68098
2.5029e-07,2.8866e-07,0.22073,0.18042,1.1373,0.56931
1.2909e-07,3.5279e-07,0.45912,0.47463,0.74961,0.59485
7.2617e-07,7.4648e-07,0.14908,0.40545,1.3347,1.3452
3.6444e-07,2.6361e-07,0.30702,0.12982,0.67394,1.2877
7.666e-07,3.3303e-07,0.42125,0.24317,0.63612,1.4288
1.0294e-07,3.8609e-07,0.35985,0.33177,1.0498,1.3563
6.2767e-07,7.7087e-07,0.36622,0.31909,1.114,0.78261
8.3313e-07,4.8707e-07,0.34786,0.34862,0.78761,1.4891
7.1703e-07,8.086e-07,0.38266,0.38853,1.2318,0.74728
8.8363e-07,3.9125e-07,0.24052,0.40762,0.55581,1.2721
4.8231e-07,3.7406e-07,0.42884,0.31209,1.2415,0.98626
7.0933e-07,5.3476e-07,0.41213,0.10235,0.97188,0.88619
6.0914e-07,1.7739e-07,0.19755,0.17952,0.79183,1.2574
6.4466e-07,2.6462e-07,0.26867,0.10911,1.428,0.73535
6.9109e-07,4.3004e-07,0.185,0.33672,0.7817,0.72986
7.453e-07,3.948e-07,0.10449,0.17185,0.68379,0.94718
3.0904e-07,9.4886e-07,0.30339,0.27816,0.639,1.2258
6.7537e-07,3.5441e-07,0.45173,0.48583,1.4076,1.2316
3.8764e-07,7.3888e-07,0.19606,0.44285,1.281,1.235
2.4081e-07,8.6984e-07,0.30787,0.23233,1.0632,0.78852
3.3591e-07,2.8607e-07,0.44639,0.2303,1.0189,0.85831
8.8931e-07,9.7178e-07,0.46688,0.15554,1.1433,0.59024
2.8477e-07,6.173e-07,0.4007,0.33258,0.54405,1.0383
3.3242e-07,3.0451e-07,0.11581,0.24086,0.52278,0.70414
7.2942e-07,3.7187e-07,0.43385,0.23328,1.225,1.378
3.0474e-07,8.6396e-07,0.34334,0.47699,0.76648,0.93018
5.8562e-07,3.2602e-07,0.11191,0.15826,0.6345,0.87774
1.4871e-07,1.798e-07,0.44355,0.42047,0.82323,0.8952
5.6034e-07,1.4314e-07,0.10198,0.21353,1.2837,0.88143
4.3533e-07,1.2122e-07,0.39545,0.34801,1.2487,0.7656
8.6966e-07,7.0273e-07,0.40453,0.21873,1.205,0.7338
7.9938e-07,3.1283e-07,0.38012,0.2312,1.0818,0.56276
9.5602e-07,6.7777e-07,0.30198,0.27953,0.52718,1.2924
2.3541e-07,4.9633e-07,0.28419,0.14604,1.149,1.237
2.706e-07,7.0693e-07,0.29161,0.46083,0.73209,0.69583
9.8604e-07,4.0811e-07,0.3361,0.28178,1.0296,1.0712
4.8768e-07,5.1183e-07,0.18699,0.40357,0.89121,1.1119
3.4574e-07,1.0659e-07,0.13534,0.16391,1.0511,1.4546
3.9216e-07,9.9235e-07,0.17627,0.37069,1.1694,1.0313
9.6755e-07,2.3915e-07,0.42941,0.24942,0.58918,0.82317
6.9323e-07,5.3662e-07,0.26968,0.29452,1.2447,1.3223
2.7409e-07,7.0527e-07,0.22367,0.21463,0.62465,1.1283
7.6143e-07,6.6518e-07,0.20372,0.19883,1.4655,1.29
4.2372e-07,6.0521e-07,0.36458,0.48144,0.88367,0.72539
3.1296e-07,6.6941e-07,0.2118,0.46488,1.1792,0.91363
5.1104e-07,7.1098e-07,0.43482,0.18623,1.3549,0.66726
7.4243e-07,2.4828e-07,0.4018,0.28499,0.60211,0.64206
3.5178e-07,2.1701e-07,0.40963,0.30535,0.6818,1.0939
3.7184e-07,9.0766e-07,0.36116,0.4685,0.67663,1.0749
1.1941e-07,9.9956e-07,0.31879,0.35029,1.0734,1.2405
8.0718e-07,7.27e-07,0.39472,0.11952,1.2037,1.0879
9.1948e-07,9.0497e-07,0.34853,0.41798,1.2877,0.77284
3.4665e-07,4.1628e-07,0.384,0.44923,1.0026,1.2748
4.322e-07,4.4076e-07,0.15,0.2213,0.56124,1.0616
3.2873e-07,8.2902e-07,0.1797,0.17114,1.4915,1.044
9.0247e-07,2.5038e-07,0.47213,0.29164,1.3494,0.71763
4.0486e-07,9.3957e-07,0.36801,0.38501,1.2,0.84346
1.5812e-07,7.5232e-07,0.45046,0.42722,0.92422,1.0534
7.802e-07,2.1232e-07,0.35624,0.1688,1.455,0.93828
5.8892e-07,8.8441e-07,0.11971,0.28626,0.98216,1.3067
2.6573e-07,4.0722e-07,0.31939,0.41004,0.89673,0.86982
3.1565e-07,1.3307e-07,0.10833,0.3003,1.3155,0.83658
7.1442e-07,1.5683e-07,0.11058,0.42897,0.90992,0.79047
8.0766e-07,1.8514e-07,0.22565,0.4703,1.2679,1.0454
8.7095e-07,9.9038e-07,0.22952,0.19686,0.71586,0.57302
2.1871e-07,2.2954e-07,0.44712,0.44991,1.0203,0.80039
9.506e-07,4.051e-07,0.1743,0.18273,1.3585,1.2641
7.513e-07,7.2148e-07,0.13612,0.42576,0.67898,0.59217
4.3438e-07,9.4528e-07,0.48894,0.21093,0.72911,0.77823
6.6143e-07,3.2075e-07,0.17087,0.36407,0.7932,1.4613
8.502e-07,7.5393e-07,0.35177,0.12158,1.325,0.92114
6.7273e-07,8.2301e-07,0.11728,0.44235,0.8065,0.71259
4.9859e-07,5.4224e-07,0.15923,0.21637,0.86549,0.81987
3.355e-07,3.4581e-07,0.15103,0.24663,1.2268,0.69688
6.004e-07,1.9158e-07,0.448,0.21054,0.91002,1.4853
4.067e-07,8.3616e-07,0.16426,0.17342,0.98918,0.84022
7.2782e-07,5.8765e-07,0.32984,0.1095,0.50842,1.0993
3.9737e-07,5.8191e-07,0.48837,0.1384,1.2512,1.164
1.6422e-07,5.9279e-07,0.2252,0.41919,1.2613,0.70104
6.8226e-07,8.6847e-07,0.2558,0.26243,1.2726,0.66575
6.252e-07,1.1769e-07,0.48081,0.47375,0.98545,0.65212
5.4336e-07,3.5729e-07,0.27945,0.45599,0.7779,0.76308
1.3347e-07,5.7621e-07,0.35513,0.38622,0.73914,0.62684
9.9753e-07,6.9378e-07,0.33718,0.25965,0.51467,1.1405
1.3761e-07,1.9671e-07,0.19707,0.36117,0.67599,1.1983
1.1688e-07,9.3307e-07,0.21451,0.15215,0.88485,0.67799
5.6785e-07,1.4609e-07,0.19498,0.32414,1.0927,0.80245
9.9913e-07,3.3919e-07,0.29964,0.11709,1.2697,0.9052
1.7087e-07,3.6677e-07,0.13018,0.44574,1.4125,0.95661
7.2087e-07,2.4721e-07,0.23265,0.1616,1.1312,1.1122
3.6604e-07,4.6987e-07,0.26552,0.16165,0.90751,1.042
2.1296e-07,7.1919e-07,0.12948,0.27545,0.87334,0.70201
2.381e-07,9.044e-07,0.37115,0.40113,0.57152,0.54331
2.0172e-07,1.2744e-07,0.34115,0.12699,0.65085,0.54474
1.4064e-07,5.7337e-07,0.30607,0.33619,1.4786,0.89001
9.5707e-07,3.4124e-07,0.17927,0.32287,1.1947,0.92992
5.2449e-07,6.7168e-07,0.20758,0.33829,1.4484,0.88812
7.0774e-07,8.7314e-07,0.24388,0.35488,0.91455,1.2941
1.4472e-07,3.8119e-07,0.30212,0.42661,0.6272,1.3922
1.2152e-07,6.5962e-07,0.36248,0.34307,0.86795,1.1149
4.9737e-07,1.9486e-07,0.33101,0.19425,1.1356,0.67329
2.7177e-07,3.5121e-07,0.39945,0.3046,0.8707,0.55161
6.3342e-07,5.9935e-07,0.30881,0.19607,1.4161,1.1478
4.8399e-07,9.1089e-07,0.32045,0.48532,1.0954,1.0041
1.9961e-07,7.8611e-07,0.45958,0.3512,0.53894,1.4765
3.1855e-07,9.082e-07,0.44579,0.39274,1.0341,1.3012
2.0771e-07,3.9825e-07,0.29827,0.31605,0.75571,0.96234
7.7216e-07,5.0997e-07,0.28698,0.36362,1.2905,1.3051
4.1189e-07,3.8345e-07,0.31062,0.26728,1.1893,0.67014
2.1101e-07,2.1971e-07,0.41318,0.34093,1.235,1.4075
9.1577e-07,4.1154e-07,0.39686,0.18963,0.61263,0.93242
2.4615e-07,9.4145e-07,0.38745,0.22339,0.61683,0.57757
2.3037e-07,4.6228e-07,0.21618,0.21526,1.3166,1.2045
6.8698e-07,6.7521e-07,0.43988,0.27149,0.52123,0.76747
5.3423e-07,3.2232e-07,0.11923,0.4116,0.93407,1.0595
3.8405e-07,4.8463e-07,0.47432,0.15955,1.4845,1.0559
9.6953e-07,4.3303e-07,0.42137,0.31454,1.1389,1.2705
7.3746e-07,5.1477e-07,0.33856,0.19213,0.66541,0.60561
7.8578e-07,1.1015e-07,0.48234,0.47271,1.0525,0.93667
1.2625e-07,5.1825e-07,0.13961,0.25232,0.93758,1.0202
9.2609e-07,2.8014e-07,0.4029,0.33096,0.61431,0.78013
9.4516e-07,3.2454e-07,0.32476,0.43354,0.62378,0.75944
6.2366e-07,9.8016e-07,0.27785,0.20861,0.70364,1.2161
4.8908e-07,7.0401e-07,0.3737,0.43228,1.4972,0.71808
5.6442e-07,2.2384e-07,0.10699,0.37431,1.4388,0.60688
7.551e-07,2.153e-07,0.20886,0.38183,1.4359,1.0469
6.3914e-07,9.5556e-07,0.47864,0.4671,1.0685,0.86341
6.4629e-07,2.0403e-07,0.31217,0.3876,0.55639,1.2439
1.4754e-07,8.7655e-07,0.46263,0.27768,1.1185,1.1234
5.8321e-07,8.9297e-07,0.40685,0.44759,0.6462,0.58693
5.2829e-07,6.4269e-07,0.34996,0.39828,1.3066,0.63355
8.748e-07,8.8683e-07,0.33673,0.42373,0.81372,1.0885
9.9317e-07,8.4463e-07,0.22095,0.37681,0.61142,0.9187
1.8812e-07,7.6233e-07,0.13135,0.21781,1.2781,0.93481
4.7544e-07,4.3892e-07,0.18892,0.3423,1.3387,1.0015
5.8111e-07,3.6222e-07,0.21755,0.46177,1.4081,1.4782
7.5994e-07,3.4924e-07,0.35339,0.20826,0.559,0.98905
4.3798e-07,1.8394e-07,0.2007,0.3509,1.43,0.8397
5.4216e-07,9.9536e-07,0.25634,0.48628,1.3901,0.82476
1.5706e-07,4.5702e-07,0.30423,0.3106,1.2086,1.4966
3.0527e-07,7.2526e-07,0.26438,0.44501,1.0327,1.424
1.6023e-07,4.9425e-07,0.23175,0.24757,1.2141,0.77049
9.2243e-07,2.4308e-07,0.14355,0.22687,1.3743,0.55981
2.4271e-07,7.0997e-07,0.20026,0.4485,1.2956,1.2334
2.572e-07,6.793e-07,0.29615,0.43751,0.95227,1.318
7.7776e-07,1.3811e-07,0.23079,0.15901,1.2931,0.74336
1.4656e-07,2.6999e-07,0.15777,0.18575,0.94327,0.54709
6.1276e-07,8.2751e-07,0.34591,0.34379,1.1404,1.47
4.2054e-07,4.0385e-07,0.38637,0.13654,1.2547,0.88472
3.8859e-07,7.2046e-07,0.31732,0.20388,1.3699,0.81097
7.0436e-07,9.7776e-07,0.25757,0.37145,0.69556,0.80766
8.6561e-07,9.8737e-07,0.24722,0.20684,1.1121,1.3941
9.2915e-07,9.1227e-07,0.13766,0.38361,0.77593,1.2851
7.7501e-07,5.7875e-07,0.23476,0.44097,0.5688,1.379
1.8003e-07,1.2216e-07,0.23496,0.44659,1.2299,1.4024
7.4703e-07,5.2707e-07,0.18121,0.35207,0.76356,1.1787
9.1129e-07,1.7366e-07,0.10066,0.27604,1.2764,1.4446
6.5858e-07,1.0468e-07,0.33295,0.34495,0.89356,0.63018
9.0351e-07,5.8527e-07,0.10352,0.3726,1.4589,1.1306
1.0937e-07,2.0139e-07,0.2416,0.13708,0.61892,1.3544
9.8049e-07,8.022e-07,0.445,0.24169,1.2178,0.85767
4.4968e-07,2.9729e-07,0.47928,0.40688,1.0898,0.59659
3.1156e-07,4.6765e-07,0.2401,0.17473,0.55196,1.153
5.3915e-07,3.7594e-07,0.24766,0.25637,1.4509,0.51355
7.7336e-07,2.6894e-07,0.4822,0.33734,0.79889,0.51666
8.638e-07,9.4315e-07,0.28219,0.36498,0.76165,0.6083
5.6359e-07,4.1815e-07,0.42289,0.41517,0.92336,0.82888
1.6153e-07,3.3543e-07,0.17017,0.44444,1.1008,1.4165
8.3722e-07,6.2918e-07,0.39864,0.24683,1.2646,1.0668
5.959e-07,2.8336e-07,0.1776,0.23616,1.2631,0.75136
9.0039e-07,5.7966e-07,0.23604,0.13415,0.59737,1.1832
2.6236e-07,5.2899e-07,0.29019,0.15744,0.5842,0.71114
5.259e-07,6.7249e-07,0.44894,0.36249,0.82821,1.2109
5.6146e-07,3.1947e-07,0.45771,0.23351,0.99854,1.1743
7.963e-07,8.007e-07,0.39981,0.17991,1.4568,0.84578
6.2168e-07,6.9446e-07,0.27459,0.32877,1.0403,0.87223
7.9814e-07,7.8238e-07,0.20481,0.19966,0.89453,1.2399
9.6489e-07,9.9427e-07,0.25491,0.10345,0.69964,1.2263
4.4163e-07,9.9691e-07,0.14785,0.32367,0.92012,1.3759
9.1889e-07,8.9774e-07,0.43904,0.32147,0.91869,1.4399
3.562e-07,7.7484e-07,0.41815,0.28363,1.076,0.87164
4.7842e-07,5.0481e-07,0.13211,0.29938,0.66186,1.1187
7.5708e-07,3.358e-07,0.12465,0.11262,0.91719,0.61309
8.2586e-07,1.9912e-07,0.39581,0.39432,0.66826,0.96789
5.1286e-07,7.4492e-07,0.44945,0.27932,0.85145,0.69348
4.6214e-07,3.0948e-07,0.36306,0.31257,0.96183,1.0359
8.1968e-07,5.6075e-07,0.14556,0.44013,1.2886,1.1023
2.6011e-07,3.5793e-07,0.20965,0.35623,1.4405,1.2621
6.7118e-07,5.7345e-07,0.35771,0.42508,0.68888,1.2189
5.5246e-07,9.7601e-07,0.17685,0.43627,0.77236,1.1606
9.5967e-07,3.0848e-07,0.19039,0.40454,0.99481,1.3649
6.5559e-07,7.719e-07,0.33367,0.38157,1.3443,1.3396
7.9182e-07,4.9111e-07,0.20613,0.27351,1.0063,1.3326
3.8207e-07,8.6155e-07,0.18326,0.3168,1.2079,1.4911
6.4772e-07,2.5936e-07,0.2266,0.27002,1.0558,0.99225
9.621e-07,9.1563e-07,0.36437,0.39069,1.4759,1.4722
3.0069e-07,9.5144e-07,0.18058,0.38697,0.72167,0.90866
8.101e-07,1.3434e-07,0.32888,0.35542,0.95149,1.2478
8.3007e-07,4.9255e-07,0.43159,0.43225,0.91244,1.2154
6.6912e-07,4.3706e-07,0.36555,0.30653,0.78525,0.99775
6.8352e-07,1.2498e-07,0.22872,0.31405,1.0048,1.4138
2.1528e-07,8.4698e-07,0.28289,0.46235,1.3797,0.85385
7.1205e-07,9.146e-07,0.14422,0.31795,0.74583,0.94433
6.6464e-07,9.2658e-07,0.34924,0.15141,0.85931,1.4366
6.1472e-07,1.6263e-07,0.23348,0.39927,1.3926,1.0088
9.3984e-07,7.3619e-07,0.46419,0.19187,0.79792,0.62131
5.4591e-07,1.6708e-07,0.23905,0.36989,0.68693,1.0941
7.3635e-07,4.2818e-07,0.44228,0.31036,0.838,1.3816
9.3271e-07,7.3117e-07,0.16162,0.20743,1.4996,1.0767
9.7173e-07,4.1398e-07,0.16741,0.48446,1.358,1.1005
2.777e-07,1.7486e-07,0.17263,0.45964,0.87624,0.83243
6.1589e-07,4.0118e-07,0.47818,0.32466,0.82563,0.64934
7.1907e-07,6.0723e-07,0.12515,0.3791,0.94633,0.55662
9.7914e-07,9.2842e-07,0.42382,0.3222,1.4833,1.136
1.1121e-07,2.3085e-07,0.46526,0.12813,1.2134,0.79676
4.2643e-07,5.5778e-07,0.4234,0.24997,1.2221,0.65756
8.0327e-07,1.6091e-07,0.13681,0.19302,0.53634,0.81493
1.6785e-07,2.3643e-07,0.28887,0.2678,0.93115,0.74975
1.0079e-07,5.6629e-07,0.45852,0.19446,1.2113,1.3532
4.5748e-07,5.4018e-07,0.26245,0.38915,0.75394,1.3583
8.4717e-07,3.7906e-07,0.12751,0.13235,0.53442,0.67802
8.4228e-07,5.0012e-07,0.25223,0.36653,1.2004,0.99432
8.242e-07,5.0193e-07,0.10579,0.1535,0.57687,1.4103
8.5135e-07,6.999e-07,0.18416,0.20292,1.1065,0.52462
1.2183e-07,7.3973e-07,0.46042,0.41609,1.2327,0.8963
5.1026e-07,6.3962e-07,0.27883,0.48797,1.4618,1.0326
9.9211e-07,4.6134e-07,0.40529,0.47192,1.1705,1.18
4.5861e-07,4.9925e-07,0.19051,0.13555,0.87562,0.77667
5.5091e-07,5.2359e-07,0.16265,0.35402,1.1608,1.0916
3.4883e-07,9.1854e-07,0.27541,0.14042,1.0273,0.75456
1.7671e-07,2.3491e-07,0.4531,0.30732,0.73684,0.78767
7.0244e-07,7.9756e-07,0.42546,0.16056,0.60617,1.134
2.295e-07,3.8957e-07,0.21948,0.23755,1.0475,1.4191
7.3484e-07,6.8996e-07,0.24349,0.16749,1.1964,1.0195
2.1431e-07,6.203e-07,0.2506,0.45718,0.84328,0.58867
1.5563e-07,1.7902e-07,0.1147,0.46273,1.4326,0.6141
6.2926e-07,3.0104e-07,0.20799,0.10406,0.84747,0.90351
3.0761e-07,7.6875e-07,0.31557,0.12591,1.4203,1.389
5.9758e-07,2.7953e-07,0.37582,0.22239,1.109,0.53744
5.7639e-07,6.443e-07,0.1739,0.48854,0.54784,1.0628
2.8048e-07,7.6676e-07,0.40251,0.32952,1.15,1.0362
5.5525e-07,1.1431e-07,0.32636,0.37371,0.82139,0.73938
9.539e-07,3.7743e-07,0.41724,0.4341,0.66271,0.89915
8.4639e-07,6.0176e-07,0.28806,0.4659,1.1326,0.68256
1.4174e-07,2.2669e-07,0.29188,0.27312,0.88804,0.97643
4.5458e-07,2.1341e-07,0.29103,0.25908,0.63198,0.79362
4.1521e-07,3.7093e-07,0.25337,0.14911,0.77192,1.2531
7.8824e-07,7.8095e-07,0.28761,0.2722,0.83347,0.97266
2.7888e-07,9.6733e-07,0.27272,0.40235,0.7948,1.4147
5.2987e-07,8.2469e-07,0.45184,0.2426,0.90418,1.3034
9.0681e-07,8.3119e-07,0.30011,0.36985,1.1231,1.291
6.9776e-07,6.861e-07,0.36154,0.39189,0.99272,1.3739
4.6911e-07,9.3541e-07,0.43065,0.38973,0.51226,0.848
1.9412e-07,5.1276e-07,0.19334,0.46933,0.53071,0.59878
9.8987e-07,2.3708e-07,0.24885,0.20166,1.2521,1.1397
4.9243e-07,1.0339e-07,0.22415,0.40861,1.4771,1.3409
5.7189e-07,4.5015e-07,0.16649,0.42935,1.3836,0.56068
9.1208e-07,9.6024e-07,0.31169,0.2812,1.3289,0.54094
9.8502e-07,9.7466e-07,0.23207,0.10035,1.1174,1.128
5.214e-07,7.8957e-07,0.37499,0.2654,0.50756,0.51136
8.0389e-07,8.5456e-07,0.10121,0.29851,1.1585,1.2668
9.4401e-07,1.9872e-07,0.39013,0.32549,0.65953,1.01
6.3213e-07,6.6651e-07,0.27145,0.26053,0.50504,1.0036
1.861e-07,5.5544e-07,0.25725,0.14564,1.2195,0.88339
1.3874e-07,1.5269e-07,0.347,0.35808,1.2477,0.688
5.363e-07,6.4761e-07,0.31296,0.41211,0.90317,1.017
5.8989e-07,1.015e-07,0.18204,0.18263,1.4718,0.70633
7.327e-07,2.5649e-07,0.43561,0.3007,1.4142,1.1565
3.743e-07,7.6377e-07,0.18884,0.18844,1.1258,0.64735
2.2695e-07,4.2508e-07,0.31456,0.28413,1.1546,0.62226
4.7345e-07,6.5463e-07,0.47661,0.28735,1.395,1.3375
1.0695e-07,9.2222e-07,0.24941,0.13756,0.83142,1.2133
6.1793e-07,5.8883e-07,0.34185,0.29044,1.083,1.4011
3.6219e-07,3.1647e-07,0.31399,0.43084,1.0123,1.1454
5.1722e-07,7.9453e-07,0.40878,0.47636,0.75688,1.315
8.3547e-07,1.662e-07,0.3931,0.22719,0.84519,0.57022
8.2087e-07,6.4564e-07,0.48384,0.13502,0.69799,0.94213
9.6226e-07,8.0401e-07,0.20568,0.36549,1.3059,1.2095
1.2463e-07,6.6308e-07,0.23805,0.43503,0.69188,0.54948
5.0723e-07,5.0689e-07,0.47497,0.11484,0.97815,1.448
9.2369e-07,2.2547e-07,0.14987,0.47933,1.0663,1.3264
8.5764e-07,5.8349e-07,0.31023,0.41743,1.1879,0.66916
6.0656e-07,9.6805e-07,0.3278,0.464,1.3534,1.2224
9.4943e-07,9.5741e-07,0.46765,0.20065,0.90017,1.0693
8.8721e-07,5.4503e-07,0.46167,0.37725,1.1291,1.3637
4.5246e-07,6.106e-07,0.10236,0.46814,0.57579,1.4663
5.0059e-07,3.9586e-07,0.11304,0.29535,1.0153,1.2785
2.9952e-07,1.2933e-07,0.48593,0.11459,0.71206,0.95291
8.0161e-07,5.1971e-07,0.21476,0.33354,0.57347,1.3493
8.3862e-07,2.7611e-07,0.26795,0.34922,0.59562,1.3976
5.5557e-07,3.4019e-07,0.15633,0.12038,0.88145,0.76167
9.6868e-07,2.7286e-07,0.30577,0.16528,0.85613,1.3709
4.9426e-07,6.4141e-07,0.1349,0.43582,1.2438,0.72729
9.0602e-07,7.1714e-07,0.12633,0.15509,1.4444,0.68585
5.6848e-07,4.6703e-07,0.32567,0.2632,0.57908,1.4878
9.3817e-07,6.3053e-07,0.1517,0.13182,1.0791,1.085
6.3746e-07,6.965e-07,0.24592,0.48308,0.95973,1.1945
3.7731e-07,4.7153e-07,0.47175,0.37815,1.389,0.97874
3.7124e-07,8.9104e-07,0.29378,0.29257,0.98073,0.98082
3.1685e-07,5.684e-07,0.47698,0.43922,1.3878,1.3313
2.8844e-07,7.9968e-07,0.30491,0.36811,1.167,0.82776
4.1001e-07,5.3372e-07,0.14673,0.42101,0.81198,1.3297
8.5583e-07,1.1445e-07,0.3223,0.11745,1.2854,1.4327
6.0223e-07,1.373e-07,0.14463,0.38298,0.59903,0.65911
8.4115e-07,6.128e-07,0.12868,0.20984,0.71639,1.1728
3.5553e-07,3.6462e-07,0.43744,0.40302,1.4954,0.87968
3.216e-07,1.4019e-07,0.12342,0.40057,0.78967,0.75645
8.277e-07,1.1894e-07,0.20278,0.31315,1.1639,1.2812
8.6158e-07,2.722e-07,0.33011,0.23538,1.4111,1.1426
7.9062e-07,1.5888e-07,0.28532,0.45286,1.3848,1.3125
5.8747e-07,2.8481e-07,0.32392,0.47989,1.3658,1.3518
8.5276e-07,2.4478e-07,0.31786,0.25584,0.56361,0.60123
6.2627e-07,4.6384e-07,0.22841,0.28831,0.85491,0.73071
9.1526e-07,6.0246e-07,0.3596,0.39554,0.80532,1.3847
9.8804e-07,7.1307e-07,0.30972,0.13936,1.0871,1.3254
6.8043e-07,6.613e-07,0.47106,0.20341,0.81863,1.3831
2.2408e-07,3.8641e-07,0.39179,0.10565,0.64453,0.65066
6.6273e-07,9.5345e-07,0.16136,0.48928,1.174,0.98417
2.4462e-07,4.5226e-07,0.42827,0.19068,1.0448,0.9987
4.6045e-07,8.114e-07,0.33241,0.3302,0.96755,0.84864
9.736e-07,7.7613e-07,0.42621,0.24485,1.3614,1.4655
2.0938e-07,5.9702e-07,0.48368,0.26171,0.59337,1.2202
7.4046e-07,8.9667e-07,0.25844,0.45402,1.1262,1.434
5.5844e-07,7.8427e-07,0.19966,0.17862,1.0593,0.82103
3.6958e-07,3.2829e-07,0.10958,0.10715,0.60854,0.71556
7.52e-07,5.9073e-07,0.35828,0.4282,1.4685,1.3688
5.204e-07,4.7321e-07,0.43105,0.25474,0.70686,1.268
7.8281e-07,4.3129e-07,0.21029,0.16454,0.71197,0.72089
2.3883e-07,6.5735e-07,0.10491,0.226,1.0106,0.94988
3.9927e-07,6.5393e-07,0.20173,0.42307,1.3021,1.0961
2.7505e-07,1.5184e-07,0.32159,0.45131,1.3112,1.2607
1.1577e-07,6.077e-07,0.18626,0.24528,0.88635,0.57459
8.9112e-07,8.7489e-07,0.33917,0.26474,0.96843,1.1842
3.9107e-07,8.3431e-07,0.39039,0.22475,1.3507,1.2486
5.1918e-07,2.9088e-07,0.19852,0.31701,0.64166,0.50144
3.8566e-07,2.6083e-07,0.12306,0.45444,1.1205,0.51811
6.6686e-07,8.5723e-07,0.2602,0.28968,1.0742,1.2292
4.2513e-07,8.4014e-07,0.43323,0.32769,1.4245,0.94023
1.9199e-07,1.3184e-07,0.335,0.3417,0.97296,1.3108
4.3899e-07,7.8765e-07,0.16017,0.27021,1.152,1.4272
2.2454e-07,5.3823e-07,0.41022,0.21957,1.2714,1.1167
8.3258e-07,1.8999e-07,0.17159,0.14256,0.60192,1.0281
4.9169e-07,5.5084e-07,0.29517,0.14409,0.92915,1.1075
5.9428e-07,2.9551e-07,0.41969,0.2386,0.84892,0.52916
8.1478e-07,2.9814e-07,0.22192,0.17043,1.0303,1.458
5.4645e-07,8.1937e-07,0.37422,0.11578,0.66743,0.56456
4.6712e-07,5.5234e-07,0.15378,0.14148,0.51854,1.1977
8.5894e-07,5.1714e-07,0.46965,0.39375,1.2203,1.4432
5.1427e-07,7.2841e-07,0.28164,0.28039,0.77857,1.0242
6.9431e-07,8.0567e-07,0.37865,0.39576,1.1646,0.85427
1.1325e-07,6.8694e-07,0.13051,0.24421,0.56607,0.53532
6.7681e-07,6.8365e-07,0.19275,0.15233,0.96252,1.3861
6.781e-07,1.4779e-07,0.43237,0.16701,0.97443,1.1878
7.3068e-07,6.363e-07,0.15286,0.20028,1.0613,0.96165
7.8728e-07,9.2439e-07,0.12221,0.16288,0.72685,0.92261
7.6961e-07,7.2299e-07,0.1694,0.45862,1.436,1.3342
2.967e-07,7.3517e-07,0.38215,0.41118,1.3807,0.79547
6.569e-07,6.3304e-07,0.38323,0.35687,1.4886,0.81327
3.7585e-07,2.0493e-07,0.31621,0.14354,1.1454,1.4416
5.3302e-07,5.706e-07,0.26767,0.24002,1.3436,1.1507
5.7103e-07,1.8195e-07,0.14241,0.47108,1.3301,0.62547
8.7689e-07,8.2126e-07,0.19165,0.20603,0.76989,0.58384
3.798e-07,9.6102e-07,0.27775,0.22838,1.1777,0.63876
2.5541e-07,4.8552e-07,0.37174,0.10505,0.59188,1.3672
2.0409e-07,5.4801e-07,0.4897,0.1545,0.93998,1.1212
5.4847e-07,7.6567e-07,0.26669,0.42181,0.95792,0.69003
8.6701e-07,6.1551e-07,0.2184,0.17763,1.3772,1.2991
3.2523e-07,2.6662e-07,0.4862,0.13328,1.3712,0.8927
6.5348e-07,8.7793e-07,0.15386,0.35821,1.4436,1.1591
9.5304e-07,3.304e-07,0.21239,0.32821,1.4671,1.1909
9.77e-07,5.9541e-07,0.48466,0.46579,0.64349,0.83049
4.4223e-07,1.9278e-07,0.27079,0.29582,0.76571,1.1768
6.8555e-07,4.2039e-07,0.27235,0.45886,0.98769,0.92727
8.9541e-07,6.235e-07,0.38487,0.16955,0.68538,1.4258
2.8298e-07,6.3785e-07,0.3398,0.23697,1.4536,0.95126
3.5881e-07,5.3166e-07,0.11804,0.25689,1.3195,0.53089
2.6177e-07,8.2694e-07,0.41561,0.13082,1.259,0.52661
1.5189e-07,7.5968e-07,0.11683,0.42268,1.2393,1.4637
4.6477e-07,7.3211e-07,0.43695,0.10839,1.4638,0.5794
6.8898e-07,6.5179e-07,0.24464,0.26658,0.72304,0.53384
1.9033e-07,8.7084e-07,0.27624,0.10668,0.74093,1.4581
1.8269e-07,8.3943e-07,0.30051,0.35337,0.54841,1.3437
5.0234e-07,5.6338e-07,0.29473,0.11929,0.94461,1.3605
7.4398e-07,9.8052e-07,0.45578,0.34423,0.6291,0.91166
1.3531e-07,8.1485e-07,0.15607,0.28719,0.63343,0.63471
5.927e-07,7.4428e-07,0.18777,0.21222,1.4877,1.1059
8.9563e-07,8.662e-07,0.39366,0.45758,0.83427,0.95909
9.2788e-07,2.2223e-07,0.36732,0.29396,0.656,0.80466
9.3378e-07,1.6354e-07,0.12078,0.17492,0.70112,0.64076
2.8665e-07,9.7016e-07,0.46337,0.37593,1.3676,0.99125
6.9681e-07,9.0075e-07,0.28589,0.37532,0.93231,1.1711
2.8941e-07,6.6727e-07,0.42455,0.14813,0.70867,0.91458
4.0392e-07,4.0991e-07,0.16365,0.24862,1.0984,1.0725
7.936e-07,4.4864e-07,0.34561,0.38071,1.1118,0.7455
7.82e-07,6.2466e-07,0.10736,0.18495,1.1469,1.2513
3.3217e-07,4.823e-07,0.46601,0.35937,1.3095,0.61872
3.3948e-07,3.683e-07,0.42041,0.47584,0.67008,0.77449
8.4433e-07,9.5037e-07,0.46436,0.25784,0.74358,0.72333
6.1957e-07,1.4991e-07,0.19381,0.36022,0.82659,0.50822
1.9872e-07,6.1342e-07,0.37727,0.25384,0.83996,0.83456
2.9605e-07,8.3739e-07,0.28065,0.40649,0.95413,0.66067
8.824e-07,2.5361e-07,0.17839,0.25182,1.333,1.065
3.9425e-07,7.9276e-07,0.45688,0.38398,0.73488,0.75252
8.8032e-07,5.4946e-07,0.26345,0.43785,1.0658,1.1892
2.518e-07,3.1446e-07,0.1749,0.41427,0.5283,1.3082
7.4911e-07,2.9302e-07,0.11483,0.39761,0.97602,1.167
9.4089e-07,9.1917e-07,0.27381,0.21742,0.65244,1.2967
4.5609e-07,4.0051e-07,0.35359,0.1023,1.0851,1.4302
8.1221e-07,1.7061e-07,0.12665,0.1507,0.58038,1.4935
4.7691e-07,9.65e-07,0.39116,0.18403,1.4264,0.63602
2.2047e-07,4.2686e-07,0.15463,0.12463,0.70539,1.0126
3.4374e-07,2.0758e-07,0.40591,0.23899,0.85272,1.1247
1.2826e-07,8.4706e-07,0.3209,0.31941,1.1745,0.86643
4.475e-07,3.4782e-07,0.11099,0.14746,0.51136,1.1545
7.0106e-07,4.5911e-07,0.14682,0.48734,0.54138,0.7854
4.4731e-07,9.6339e-07,0.39754,0.2345,1.2576,1.0502
4.278e-07,2.4191e-07,0.21869,0.11147,0.86137,1.1695
1.9548e-07,8.4269e-07,0.36835,0.45079,1.1569,1.4833
6.6709e-07,2.0846e-07,0.35261,0.40892,1.3466,1.4744
5.3138e-07,8.8643e-07,0.13899,0.29307,0.5012,1.0832
3.6037e-07,7.4969e-07,0.45472,0.33993,1.4739,1.4814
9.3031e-07,7.7773e-07,0.36984,0.39703,0.50263,0.85136
4.6862e-07,6.9863e-07,0.26142,0.20516,0.86387,1.3464
5.7998e-07,3.3172e-07,0.47355,0.33431,0.99673,0.74079
9.8352e-07,4.7975e-07,0.45528,0.23015,1.4475,0.76948
1.8372e-07,2.8992e-07,0.3232,0.32009,1.4024,1.2769
4.8112e-07,8.8279e-07,0.41092,0.45499,1.0577,0.90647
2.4859e-07,5.6512e-07,0.38,0.11073,0.8683,1.1082
3.2359e-07,5.6234e-07,0.16543,0.12316,1.3989,0.9161
6.056e-07,2.772e-07,0.25168,0.12789,1.1024,1.4216
5.7358e-07,5.9344e-07,0.27685,0.39098,0.8001,0.96438
9.0892e-07,8.6044e-07,0.4426,0.36163,0.52403,1.2825
2.679e-07,3.1112e-07,0.46839,0.30342,0.60593,0.60239
8.1398e-07,4.2161e-07,0.43793,0.47877,1.2998,1.2036
5.0571e-07,9.879e-07,0.14151,0.48289,1.1041,0.87407
3.9674e-07,4.4398e-07,0.37812,0.19016,1.2758,0.73605
1.8905e-07,7.5056e-07,0.26192,0.29782,0.81777,0.52348
1.5279e-07,5.4372e-07,0.44058,0.3265,1.3621,1.4516
3.4163e-07,6.9212e-07,0.20411,0.22915,1.1906,0.67411
6.4904e-07,8.9494e-07,0.38865,0.34634,0.94913,0.50463
8.6041e-07,7.5757e-07,0.47041,0.30235,1.4011,0.55208
